6.62,1.88
8.11,1.28
1.24,1.21
7.96,0.84
3.57,0.61
8.33,0.78
6.89,1.52
2.58,0.36
5.61,0.97
5.8,1.85
2.27,0.84
1.25,0.91
5.2,1.58
7.05,1.7
9.76,0.91
5.51,0.34
9.23,1.82
9,0.59
7.39,1.79
2.22,0.8
4.53,1.93
1.71,1.38
6.19,1.95
3.72,0.54
1.75,1.93
8.76,1.69
4.58,0.68
2.01,0.49
9.14,0.68
4.88,0.45
1.39,0.31
3.61,0.35
4.6,0.91
7.09,1.91
6.02,0.57
9.7,1.24
9.27,0.36
7.91,0.31
1.45,1.03
9.12,1.4
6.97,1.07
4.49,1.33
3.32,0.77
3.63,1.05
5.71,1.65
9.14,0.63
0.31,1.84
7.84,0.39
1.63,1.39
4.03,0.67
0.98,1.46
5.6,1.99
4.08,0.38
4.21,0.67
4.11,0.89
3.66,1.67
1.16,0.93
2.52,1.95
6.98,0.5
2.38,1.58
8.83,1
4.9,0.83
2.23,1.83
4.68,1.79
4.65,0.4
8.69,0.39
4.09,1.69
2.29,0.79
3.15,1.79
7.23,1.57
5.06,1.07
0.34,1.56
5.58,0.81
6.24,1.6
0.75,1.35
6.92,0.73
8.69,1.64
4.32,1.15
0.68,0.95
4.65,0.4
6.23,1.27
5.88,1.24
2.18,0.36
9.12,0.36
8.35,0.36
4.66,0.79
3.46,0.3
7.5,0.83
3.66,1.85
1.95,0.71
2.11,1.1
7.07,0.56
9.86,1.09
4.32,0.59
3.6,0.49
3.7,1.29
3.16,1.93
6.06,1.02
4.58,0.6
8.02,1.58
1.89,0.61
1.88,0.32
5.05,0.52
0.03,0.68
6.21,1.53
7.38,1.83
9.2,0.9
0.31,1.37
1.22,0.37
1.22,1.91
9.21,1.95
4.69,1.16
5.85,0.3
2.28,1.82
9.68,1.4
7.34,1.08
6.08,0.51
5.84,0.59
9.33,1.69
7.85,0.92
6.06,0.8
5.89,0.48
4.23,0.67
8.2,1.86
1.99,0.5
2.29,0.47
2.79,1.52
3.78,1.57
2.16,1.95
2.98,1.93
0.62,0.42
3.66,1.79
4.76,1.48
4.46,0.93
4.94,0.3
9.41,1.29
9.65,1.52
3.6,2
7.09,1.68
7.69,0.33
2.82,1.69
5.04,0.94
8.1,0.9
5.08,0.69
8.69,0.84
7.72,1.65
9.12,1.57
4.97,1.02
1.34,1.14
4.5,1.65
2,1.08
0.06,0.39
5.02,1.37
0.69,0.67
2.73,0.59
4.02,0.81
4.33,1.06
3.25,1.48
4.47,1.36
2.32,0.94
3.89,1.63
0.13,0.4
8.81,1.45
0.36,0.77
6.03,1.41
1.8,0.53
9.8,0.75
6.43,1.65
1.82,0.42
6.81,0.86
9.25,1.38
2.14,1.7
1.09,0.73
9.24,0.37
8.7,1.05
4.52,1.65
6.22,1.33
4.75,1.26
3.31,0.45
4.66,1.1
5.96,1.35
4.62,0.72
8.77,1.25
8.4,0.49
2.24,0.54
3.73,1.21
10,0.66
2.07,1.04
4.2,1.13
9.23,0.41
7.1,0.7
1.97,1.12
4.47,0.37
4.08,0.76
2.25,0.95
0.04,1.72
9.43,1.5
0.52,0.46
0.28,1.89
8.55,1.58
5.8,1.79
3.19,1.38
0.83,1.76
8.82,0.75
6.56,0.7
0.9,0.71
9.83,0.64
7.01,0.57
7.78,0.9
6.41,1.22
0.4,1.18
5.32,1.93
6.59,1.9
1.43,0.97
4.63,1.48
8.64,1.98
7.85,1.58
9.79,1.03
1.42,0.6
1.79,0.53
5.19,1.74
6.05,0.75
1.54,1.22
3.82,1.17
7.87,0.75
3.16,0.55
8.47,1.36
5.5,0.7
1.01,1.91
5.51,1.62
4.28,1.76
1.54,1.94
5.4,1.95
7.65,1.01
4.02,1.69
1.27,0.66
9.51,1.22
10,1.17
5.52,1.88
2.91,1.12
7.88,1.74
1.8,0.92
5.73,1.97
4.39,0.72
0.3,0.89
5.72,0.4
6.73,0.4
6.35,0.61
0.56,0.58
7.13,0.45
0.37,0.71
9.41,1
4.44,0.78
0.21,0.35
9.67,1.49
0.95,1.36
6.08,0.73
2.43,1.4
8.88,0.53
7.55,1.21
6.49,1.11
6.71,0.9
3.16,1.11
5.59,1.75
8.75,0.9
1.12,1.71
9.02,1.03
7.72,0.72
5.69,0.74
8.67,1.31
5.42,0.47
2.11,0.45
1.02,1.23
4.2,1.67
2.83,0.99
7.03,1.03
8.23,1.78
5.88,1.04
9.18,1.28
2.23,0.35
8.45,0.59
9.82,1.75
0.44,0.9
0.43,0.63
0.49,1.96
1.11,1.15
4.45,0.62
5.69,0.94
8.84,0.56
7.25,0.52
5.18,1.15
9.19,1.38
3.61,0.79
8.58,1.47
2.91,1.87
7.56,1.8
2.22,1.33
1.54,0.33
8.42,0.89
3.88,0.38
8.4,1.81
8.27,1.95
5.48,1.8
0.48,1.73
5.95,1.88
6.09,1.36
0.52,1.75
8.14,1.3
7.74,0.7
4.76,0.81
9.66,1.32
8.29,0.65
3.86,1
8.92,1.3
1,1.61
0.82,1
2.04,1.19
7.55,0.81
5.26,1.35
8.71,0.5
1.22,1.49
7.66,1.84
4.35,1.18
9.82,0.6
4.53,0.68
7.88,1.05
8.61,2
3.78,1.15
7.14,1.22
7.9,1.53
5.03,1.63
5.15,1.26
4.38,1.36
2.55,1.16
8.24,1.38
3.93,1.33
9.39,0.84
8.71,0.35
4.37,1.76
2.44,0.64
8.63,1.91
3.49,1.82
0.11,1.18
3.47,1.7
2.21,1.92
8.82,1.56
9.34,1.95
9.25,0.81
9.29,0.77
2.88,1.58
1.82,1.17
7.19,0.78
4.03,1.97
1.9,1.24
3.73,0.87
0.97,1.86
4.8,0.69
4.89,1.99
0.54,1.81
8.61,1.89
6.04,1.79
4.73,1.76
2.88,1.43
0.88,0.77
3.28,1.57
9.83,0.64
2.35,1.83
2.28,1.08
3.04,0.41
3.66,0.59
6.4,0.57
0.85,0.8
6.33,1.31
1.94,1.64
7.11,0.35
7.61,0.55
9.92,1.58
1.34,1.32
0.13,1.09
5.47,0.64
2.06,0.35
4.6,1.31
0.5,0.84
4.39,1.68
0.27,1.21
8.33,1.72
3.65,1.42
2.33,1.97
8.36,1.39
6.35,1.43
9.1,1.03
3.14,1.17
0.21,1.44
5.21,1.1
4.67,1.24
7.09,1.95
8.62,1.35
8.57,1.54
2.2,1.05
5.25,0.9
4.97,1.15
6.67,1.88
1.2,0.92
7.73,0.75
1.73,1.43
6.98,1.72
7.14,1.62
5.99,1.69
2.22,0.68
5.82,1.31
0.52,1.59
3.01,1.37
2.39,0.72
3.39,1.59
7.68,1.98
7.76,1.28
5.9,0.82
6.5,0.92
3.61,1.24
4.44,1.92
0.63,1.42
2.28,1.81
7.14,1.63
7.95,1.1
4.49,1.52
0.68,1.65
0.21,0.31
9.11,1.65
6.69,1.6
3.03,0.85
3.63,0.39
0.34,0.78
7.13,0.41
8.05,1.21
7.73,0.56
5.52,1.11
9.96,0.63
5.96,0.39
8.95,1.37
1.13,0.98
3.45,0.48
2.84,0.68
8.44,1.91
9.68,0.52
3.55,1.32
8.9,1.45
3.55,0.67
9.45,0.55
8.08,0.5
4.56,1.03
6.99,0.89
5.7,1.19
6.41,0.5
8.19,0.76
8.89,1.12
3.36,0.96
6.6,2
1.69,0.31
2.09,1.67
3.33,1.59
1.68,1.93
1.24,1.06
4.94,1.16
1.45,0.97
8.63,1.61
9.84,1.74
0.47,0.72
6.37,0.65
6,0.44
4.36,1.96
0.34,0.9
7.48,1.51
4.29,1.96
8.75,0.67
0.77,1.1
1.55,0.82
7.54,0.78
3.1,0.74
9.12,0.5
0.04,1.59
1.47,0.88
6.46,0.51
2.16,1.18
2.63,1.6
4.72,0.93
3.79,0.71
7.38,0.66
7.19,1.29
7.73,1.66
8.01,0.79
6.66,0.91
9.28,0.68
1.6,1.32
1.48,0.53
1.77,0.69
7.75,1.44
6.23,0.76
3.33,0.46
8.69,1.46
4.76,0.94
6.05,1.31
7.07,0.5
5.84,1.85
0.74,0.56
3.21,0.96
3.82,0.56
3.37,1.76
8.97,1.79
5.78,1.02
8.8,1.35
6.55,0.92
1.62,1.1
3.17,1.83
7,0.83
8.99,1.61
5.98,1.9
3.81,1.93
9.99,1.35
3.09,1.1
2.57,1.68
7.9,0.56
7.57,0.69
3.56,1.03
2.86,0.86
2.57,1.57
6.94,0.63
3.02,0.45
2.2,0.7
4.77,1.88
0.18,0.77
3.69,0.76
7.49,1.52
9.01,1.32
2.33,1.2
6.99,1.34
8.72,1.01
0.97,1.17
0.47,0.97
6.41,0.96
5.08,0.74
3.53,0.83
2.12,1.36
1.44,0.95
1.88,0.86
3.94,1.54
8.7,1.42
3.05,0.78
4.83,1.38
5.7,1.22
7.7,1.25
9.63,1.95
5.9,1.06
1.7,1.69
5.53,1.77
4.83,1.19
6.05,1.82
6.68,0.7
1.24,1.75
2.47,0.35
4.49,0.32
3.29,0.81
9.29,0.83
8.13,1.76
6.11,0.39
3.18,1.81
0.3,1.67
0.67,0.96
4.49,1.56
3.36,0.45
1.6,0.87
5.66,1.46
3.55,1.32
4.13,1.25
5.66,1
0.75,1.83
1.34,1.83
2.99,1.64
3.63,0.64
6.15,0.95
2.54,1.65
3.81,1.72
5.78,1.73
7.66,0.72
3.57,1.52
7.74,1.91
7.46,0.57
2.22,0.87
5.3,1.28
3.36,1.47
5.79,1.43
9.68,1.39
0.05,1.67
6.82,1.05
9.18,0.45
1.65,1.86
8.73,0.77
9.53,0.65
4.09,0.31
0.96,1.87
9.48,1.8
5.52,1
0.92,0.52
2.81,0.79
2.99,0.68
9.91,1.65
5.57,1.71
4.05,1.12
8.63,1.04
9.27,1.87
6.27,1.1
2.5,0.95
8.24,0.58
4.74,0.54
6.6,0.85
1.65,0.88
6.34,1.52
9.2,0.36
1.54,1.08
1.94,0.72
4.94,1.53
9.06,2
6.89,0.85
4.8,1.5
9.23,1.2
8.04,1.23
8.42,1.79
3.43,1.54
1.41,0.35
8.26,0.78
4.48,1.19
8.79,0.84
2.61,0.36
5.36,1.57
5.04,0.77
9.7,1.78
0.75,1.54
9.08,1.51
5.23,1.82
3.15,1.48
4.47,0.42
0.25,1.44
9.27,1.7
1.59,0.62
4.78,1.97
0.87,1.18
3.03,1.51
4.01,0.87
4.2,1.98
8.99,0.33
3.27,0.76
8.19,0.56
5.14,0.89
7.66,1.48
0.49,1.69
1.57,1.81
6.35,1.49
1.69,1.09
7.52,0.57
8,0.6
7.9,1.34
6.6,1.4
1.18,1.5
4.72,0.86
5.36,1.63
8.01,0.3
9.76,1.55
0.39,1.41
7.18,1.48
0.82,1
9.46,1.98
3.42,0.82
3.7,1.88
8.47,1.93
9.23,0.99
9.3,1.67
2.72,0.51
6.14,1.92
0,0.79
2.66,0.62
4.31,1.61
7.07,1.21
5.73,1.66
5.2,0.74
0.52,0.7
4.91,1.17
7.14,1.41
1.26,0.34
2.36,0.9
9.93,0.95
0.43,1.72
8.43,0.92
8.31,0.55
7.13,0.89
7.9,1.04
3.64,1.45
7.35,0.61
6.37,1.44
9.38,1.81
2.73,1.78
5.91,1.5
3.64,0.43
2.51,1.03
1.5,0.98
5.92,1.38
2.22,1.47
4.42,1.33
9.2,1.98
3.21,1.92
3.55,1.26
5.53,0.32
9.35,1.56
0.71,0.86
7.73,0.89
9.7,1.02
9.89,1.45
9.07,1.04
9.84,0.32
6.9,0.48
2.2,1.9
6.93,1.74
3.32,0.5
9.25,1.8
3.57,0.65
8.12,1.28
5.63,1.83
7.9,1.74
8.02,1.98
8.06,0.79
3.78,1.32
6.78,0.39
8.94,0.76
0.2,1.73
9.53,1.11
4.63,0.68
2.55,1.86
9.09,1.42
2.37,0.67
9.18,1.78
6.76,0.93
9.34,1.47
9.8,0.97
4.33,1.08
9.06,1.82
2.04,1.67
2.03,1.2
4.62,1.48
0.83,1.14
6.42,1.8
3.66,1.41
8.17,1.63
1.17,1.41
6.02,0.54
1.24,1.66
