-9.37,-8.85
4.32,2.14
6.81,-7.65
5.59,6.01
-3.9,-6.12
5.01,1.84
-1.25,7.23
-4.53,4.5
-8.46,3.29
-4.93,3.97
8.51,7
7.14,4.32
-2.32,-0.56
7.74,9.48
0.64,7.87
3.44,-2.3
9.3,-5.48
0.12,-6.1
-1.17,-8.52
1.2,2.73
-4.15,1.46
2.77,3.89
-3.96,-8.46
-7.85,7.03
-9.57,-9.72
8.22,-7.57
9.3,-5.89
-8.25,-0.95
2.72,8.79
-3.31,-3.44
-1.11,-5.34
-1.06,-6.49
0.09,-7.02
7.15,0.06
9.93,-7.87
5.94,-3.98
4.28,-4.56
-3.03,-2.44
-8.15,9.92
-8.96,-4.64
9.26,7.92
5.09,2.14
-7.16,-9.19
7.71,-1.33
-9.2,-9.4
-1.67,-7.81
-9.96,-5.97
2.19,5.38
-0.47,-1.73
-5.06,1.36
3.88,2.18
6.52,2.09
9.11,9.08
-6.9,9.75
3.96,-7.03
2.9,-8.5
9.49,-3.09
0.65,-3.66
9.73,9.55
-1.58,2.05
-5.84,4.23
-8.64,5.29
-4.03,3.07
-1.36,-3.3
6.29,-4.1
-0.6,-7.18
-3.74,6.8
-5.28,9.5
2.06,-5.3
-2.11,1.63
-8.52,-2.01
1.43,3.81
-4.08,-6.26
0.77,-7.24
-5.51,-8.18
3.7,1.5
9,-4.11
-9.77,0.34
2.28,7.59
-2.42,3.5
8.47,-2.92
5.8,2.69
7.51,8.2
-8.55,-3.11
1.71,2.06
-5.5,4.29
9.77,-2.16
7.2,4.86
-8.37,-9.78
1.97,-4.83
-4.66,-2.67
-2.18,-7.77
4.52,8.21
4.4,3.32
-6.53,-3.47
7.05,-6.67
-2.56,-9.58
5.25,-4.83
-4.08,-2.65
-5.67,5.33
-8.21,-9.4
2.47,6.13
-5.63,2.19
6.89,-0.3
3.12,-2.55
-7.5,-6.05
-2.66,-0.88
-9.14,-1.47
-3.39,9.63
1.33,-8.93
0.59,5.94
2.01,2.55
1.7,-5.12
-2.98,7.7
3.04,-2.25
2.46,-6.6
5.52,-2.66
-1.07,-2.68
-2.75,-0.9
4.81,7.01
-9.57,-0.78
6.42,-9.88
-1.16,8.99
8.81,2.24
2.53,-5.26
-1.27,-5.85
-7.98,2.75
-2.25,-9.58
4.15,-7.72
7.29,5.64
4.15,-9.91
9.52,-9.56
-3.45,1
7.53,6.86
8.39,-1.67
-8.46,4.73
-4.83,-6.56
-0.31,3.63
5.38,5.69
4.94,0.18
-3.77,2.49
-6.85,1.77
-0.19,-7.09
5.32,2.61
3.67,-4.45
-0.43,0.02
-2.78,-7.97
-9.68,1.93
8.74,1.52
-4.94,3.73
3.76,-6.32
0.1,6.32
7.35,-6.29
-2.65,9.65
-1.75,-0.71
-1.76,-1.34
6.12,9.95
6.33,-0.43
3.39,6.75
2.95,-7.57
-7.3,6.89
8.86,-4.24
1.71,3.48
9.55,9.1
8.05,-5.63
-2.38,-9.14
-0.62,-0.9
-7.23,5.67
8.02,9.02
-9.64,1.41
2.9,-5.06
-9.97,9.1
-1.08,-1.29
1,-7.18
-0.21,4.7
-3.86,6.22
-6.2,-4.29
-3.92,1.96
-6.31,-3.95
-9.1,-5.82
6.49,8.19
-3.35,-6.37
7.1,3.04
-4.02,-6.59
0.87,9.01
-7.7,7.86
3.04,7.81
8.23,1.29
-8.03,-4.3
3.7,-7.6
1.19,-8.43
2.04,-6.98
8.78,-1.21
-3.08,0.17
8.81,-0.33
-0.27,0.31
-6.72,2.39
5.04,5.02
-2.16,9.62
-7.98,-2.79
6.25,0.46
7.28,-3.76
8.33,1.06
-6.42,-0.42
5.34,0.42
2.7,-1.87
3.78,9.2
-8.66,-2.52
-3.02,9.75
-0.37,-6.36
0.02,-3.9
8.41,3.45
5.56,-4.77
-6.58,1.77
6.39,0.99
-4.39,1.15
-4.24,5.48
8.47,6.61
5.45,-2.7
-6.28,-4.74
-7.63,3.21
-7.12,4.77
-3.55,-1.66
8.73,-8.06
-5.25,5.55
-5.39,4.46
5.36,-7.42
6.45,-5.91
0.7,-2.34
1.31,9.39
-1.73,-7.55
-0.85,-8.59
-1.66,-5.52
-9.42,7.85
3.85,1.36
-5.26,-0.63
-2.32,2.75
7.98,-8.77
-4.74,-2.33
-2.76,-5.99
-6.85,-3.48
-1.69,6.42
3.63,2.79
-6.65,4.47
2.5,-7.83
2.46,-7.07
-5.88,-6.27
-2.88,-8.44
-5.05,-7.42
3.8,7.77
0.04,-4.74
0.89,-6.52
3.34,-2.37
7.03,-1.61
0.04,-0.93
3.73,9.3
-5.71,9.42
-3.54,5.05
6.06,8.18
-8.88,5.45
2.19,-0.94
3.32,0.98
4.43,-9.69
5.13,2.44
4.15,-8.54
8.9,-0.65
3.76,-8.65
9.21,-1.36
6.89,-7.23
-2.85,-4
1.53,0.08
-4.59,7.87
-9.72,-3.56
5.95,-3.63
-7.8,9.23
9.69,-5.95
-1.1,4.84
9.78,3.73
2.46,-5.39
-5.24,-2.35
-9.57,1.27
-1.72,0.18
-4.55,-8.85
7.3,-6.19
3.78,3.23
5.67,9.91
-7.7,9.35
-0.87,-4.37
-0.3,-7.96
-3.92,2.05
-4.41,8.97
-1.71,-0.79
1.57,5.75
9.7,2.62
3.31,-6.21
5.47,-3.39
8.67,-5.84
2.87,-4.2
9.66,6.37
-2.29,8.7
-6.2,-5.58
-0.14,-2.98
8.49,-4.35
-5.57,7.5
1.49,5.67
-4.7,4.89
5.27,5.59
6.41,3.47
2.47,-2.98
9.93,7.23
-2.13,8.27
-6.95,9.65
-1.34,-8.92
-9.23,-9.67
6.3,0.82
9.55,3.73
-6.39,-2.58
7.44,-1.62
-8.27,9.5
-8.9,7.52
-2.06,-6.11
0.1,8.28
0.72,5.01
-8.23,4.08
-5.44,1.79
-3.32,-8.6
-4.39,6.53
-5.79,-2.83
-3.05,-7.05
3.24,4.65
-6.71,7.26
5.91,-7.77
0.51,1.67
-4.97,10
-5.4,5.01
9.11,7.45
1.43,1.8
8.35,-3.22
3.16,1.85
-4.1,9.45
3.37,6.59
7.43,-9.39
-1.2,-7.96
0.59,-2.13
-6.68,2.66
-8.36,5.13
0.57,3.72
1.76,-3.55
9.57,3.92
0.62,6.21
-1.66,1.19
9.61,9.17
9.99,2.91
4.57,2.67
-2.54,6.15
7.37,0.17
-4.69,-6.73
0.02,-3.52
-8.42,6.78
-6.61,-0.59
-9.33,9.09
3.55,-5.21
6,-1.84
-1.75,8.26
-6.35,-2.74
3.68,-2.46
0.04,6.92
0.29,-9.65
9.97,-9.38
1.55,-3.53
-8.6,2.52
-5.54,3.39
3.68,5.1
-9.35,9.81
-9.72,-9.21
8.04,-3.46
9.18,7.36
5.59,-4.87
1.33,1.11
-7.1,0.33
-6.64,-8.08
0.12,-3.32
-0.94,-8.09
-7.21,0.96
8.29,-3.51
-8.48,-7.86
5.66,0.58
4.54,5.65
-2.48,-4.24
1.44,-8.17
-6.95,9.08
-1.95,2.91
-2.3,-7.34
-6.8,-3.21
8.7,-0.25
1.12,5.77
-6.51,9.41
-0.12,-9.09
-9.91,-2.56
-4.28,-4.39
9.34,3.16
4.66,3.09
-2.28,8.49
6.13,0.66
5.98,-1.8
-5.5,-7.71
-4.27,-7.57
5.27,1.58
-9.52,-3.12
-2.95,-8.25
2.1,9.2
-8.54,4.48
3.58,-9.63
-6.17,-9.95
6.93,3.18
0.6,-0.04
4.71,-4.46
5.03,-2.56
1.63,-0.81
6.28,-7.35
-9.79,9.93
-1.64,-4.69
-5.79,3.38
-8.98,-4.78
-1.84,2.89
-8.61,6.47
7.47,-3.27
5.79,-7.37
-9.41,4.05
2.78,-5.86
-2.21,7.98
-3.13,5.84
-2.19,1.19
6.68,3.12
3.65,-2.07
8.18,4.41
-6.85,3.35
2.08,2.97
4.61,7.07
-3.01,1.54
8.03,0.99
-7.63,9.89
2.04,-6.99
7.2,-9.84
-5.9,-3.23
1.47,-8.34
8.69,-3.73
9.89,-9.16
8.29,-0.79
1.58,-4.58
7.08,-7.09
-9.53,-6.2
-8.18,5.65
8.63,4.41
-9.02,-7.78
3.08,-3.89
2.29,-0.17
1.13,7.59
1.85,-8.65
9.25,-9.05
0.87,9.65
-3.67,9.21
9.01,-6.21
5.62,5.18
5.8,9.82
7.29,6.72
0.23,4.54
2.5,-6
7.23,0.42
-7.21,1.39
5.88,8.62
-1.07,-0.69
-9.34,9.48
-7.61,-4.68
6.94,5.99
-4.15,-3.07
-8.13,7.79
-1.32,-5.11
5.94,-9.16
5.47,8.96
9.46,4.84
-6.33,-1.46
-7.07,-4.96
0.98,-7.58
-0.1,2.52
-2.24,7.19
8.12,6.19
-9.77,-2.98
-0.22,4.01
-7.13,4.75
6.93,2.74
2.32,8.75
5.36,-7.65
-5.37,-1.15
-7.87,8.07
-7.49,-3.44
9,-0.83
8.32,2.91
-5.8,-6.85
-9.65,2.26
1.52,6.34
5.08,8.12
-0.64,-4.77
3.44,2.5
0.35,4.13
-4.98,6.04
7.51,5.78
3.89,2.85
2.07,-6.74
-1.39,4.69
-3.12,1.78
-9.08,0.17
3.47,3.73
5.94,-7
-8.04,9.63
2.4,9.52
-6.64,8.45
1.65,9.49
6.19,6.48
-3.05,0.35
-2.47,0.07
4.13,4.33
-7.57,9.16
-0.81,6.36
-7.09,-8.26
-9.87,-6.18
-7.99,-8.84
-3.15,-3.42
-4.3,5.39
5.64,-5.75
-0.55,-1.92
-4.74,4.34
-2.65,1.08
-4.58,4.97
3.23,0.18
9.97,-7.33
-9.99,4.25
-4.86,5.77
9.76,-6.48
-3.24,4.18
-7.23,-1.5
4.11,8.11
5.93,-0.26
7.87,-2.63
-1.79,5.75
-1,-6.05
-5.64,-5.36
-2.38,-1.78
9.91,-4.03
1.35,-0.32
1.21,-7.38
-0.12,-9.14
-8.02,-6.39
5.25,-6.51
4.66,-9.99
3.68,-8.14
6.84,-5.69
-3.11,5.4
5.67,8.4
3.92,-1.51
-7.51,2.27
9.91,9.86
6.12,-0.9
7.56,-4.73
6.29,-1.83
-5.42,-6.42
4.67,-3.63
0.51,4.84
-4.78,0.77
-1.5,9.11
-1.29,7.76
1.64,-0.92
-8.42,-8.79
0.78,7.41
9.01,2.97
1.71,-1.68
-0.61,-9.52
2.87,6.86
-5.9,-1.59
-2.54,-6.06
-8.19,-9.65
-1.77,-2.21
3.75,5.73
-1.32,-6.35
-3.93,-7.08
-4.54,-6.45
5.99,-7.13
-9.19,-4.14
0.95,9.79
-7.58,5.19
4.35,7.26
6.37,9.65
1.25,8.4
2.47,-1.36
4.02,-8.84
-0.89,-2.03
7.68,9.93
-3.71,4.13
-1.88,4.66
7.53,-9.96
9.83,2.35
-0.39,-1.22
7.49,-0.17
-7.53,4.31
3.61,1.76
6.32,5.88
-9.31,-5.83
-5.25,9.13
-3.51,-1.08
8.05,1.81
-2.58,7.06
5.09,-6.33
-4.39,3.64
9.99,2.65
-1.66,7.02
-6.41,8.49
-0.53,2.42
-8.28,5.65
-1.65,-8.97
5.05,-9.1
-4.42,9.07
-2.6,-1.32
-0.21,4.48
3.67,5.81
-0.68,-0.68
-3.85,6.29
3.7,3.91
-1.59,-8.72
-2.31,-1.37
-7.49,-3.44
8.87,3.82
-9.61,-6.97
5.01,-8.87
-9.4,-6.21
-3.88,8.48
-6.64,-7.38
-2.26,3.94
-6.87,-1.99
6.3,4.03
-4.65,4.27
-8.58,8
9.25,-0.82
8.4,3.17
1.44,-9.64
5.58,4.32
-1.21,-9.68
-8.06,6.43
4.32,5.82
9.74,-9.92
-0.18,9.25
8.44,-2.58
-2.52,-5.26
9.46,4.79
5.73,6.76
5.37,-0.5
-4.59,7.76
-2.1,2.49
-7.35,4.77
-6.99,2.25
3,3.21
-8.37,1.27
-3.81,-7.15
5.52,-3.74
4.31,-9
0.36,5.37
-1.71,-7.91
1.2,-3.89
9.49,-7.14
0.99,-6.13
-2.19,7.09
8.13,6.36
-8.27,4.56
-1.89,-5.54
-0.09,-6.15
-2.67,5.12
0.7,-5.32
-8.55,7.79
-9.52,-1.42
-4.09,9.72
5.74,3.55
8.16,2.95
5.24,-4.67
-2.98,9.58
7.47,8.47
-2.05,5.93
9.84,0.9
7.66,5.28
-1.71,-8.6
-7.99,-7.04
2.05,-4.04
7.85,-3.83
-4.58,6.33
-0.68,-4
-2.11,-5.18
-4.15,-6.57
0.16,-9.8
-9.04,-4.03
7.13,-6.5
-4.83,3.39
9.74,-3.96
-7.43,-1.59
-8.5,6.09
8.45,-9.03
8.55,-2.01
-5.34,-8.44
-6.31,4.44
-0.13,5.11
-4.95,-3.48
-3.94,-8.74
-3.06,2.25
-2.3,8.32
3.92,-6.25
-7.19,-4.34
-9.84,-6.64
-1.88,-0.9
9.73,-1.76
7.24,4.58
6.14,-5.45
-2.52,0.81
-3.67,-6.62
-6.24,7.32
2.17,6.46
-2.77,8.99
-0.85,-4.09
8.85,2.94
-8.02,7.98
-9.63,1.64
0.21,0.67
-4.99,-7.85
7.65,-4.05
5.17,-5.66
-1.59,-9.12
-0.06,0.2
-6.21,3.03
3.72,-6.7
9.32,1.99
7.15,-9.1
1.38,9.21
-6.32,9.3
-7.98,8.35
6.24,4.36
2.27,-9.71
-8.85,-2.64
3.87,-8.11
-4.42,9.37
-7.16,-9.73
-1.54,6.92
9.7,-3.65
6.25,0.66
-3.78,-0.14
6.71,-4.65
2.48,-6.73
-4.4,-1.62
-8.83,8.69
2.09,9.88
-3.02,8.32
-0.1,-8.69
-0.93,8.81
-7.66,1.88
-3.26,-5.54
6.64,6.73
9.86,-6.46
2.45,4.48
-4.75,-0.36
-8.21,-6.7
5.58,-9.21
4.19,-2.04
8.37,6.81
9,-8.45
-2.18,-2.37
-4.32,-3.02
1.75,-8.82
-6.8,0.03
-2.88,-1.7
-8.03,-7.77
-6.49,2.3
-4.21,7.01
-7.98,0.61
-1.32,2.3
5.05,7.9
5.18,6
-2.39,-3.39
9.6,-7.65
-9.25,0.71
-4.75,-7.56
-4.35,5.45
9.95,4.55
3.86,9.45
-4.3,6.43
-2.83,-3.03
-7.18,-9.88
-5.18,7.95
-8.18,-6.26
1.81,-8.04
-2.23,-1.64
8.77,4.99
0.82,-1.46
9.93,9.51
9.42,2.65
-2.32,-3.29
8.56,-1.57
5.19,8.91
-2.92,-3.6
2.8,3.15
8.93,-2.1
-9.38,0.9
-3.15,-8.32
7.17,4.67
-7.31,-4.03
-5.89,-3.57
1.19,3.37
-8.51,0.47
1.4,5.52
-3.23,3.41
-8.77,0.33
5.4,7.65
-2.76,2.56
-9.85,8.66
7.52,2.6
-1.82,-2.09
-2.98,8.53
-7.34,-9.32
3.5,4.26
6.03,-8.88
-0.24,3.37
-6.08,4.69
6.36,-9.65
1.87,4.66
-3.42,-7.23
5.43,-8.72
-6.45,1.02
7.63,3.4
7.05,-3.67
-4.42,9.86
6.21,-4.58
3.96,-0.98
1.74,-9.94
8.83,-2.75
-2.46,-3.2
4.76,7.36
-0.86,-2.32
-5.5,0.47
-0.4,-2.09
-0.71,2.25
-9.72,-3.51
6.01,8.38
-7.46,5.73
-4.63,-4.03
9.69,7.36
-9.34,-2.25
-1.31,9.75
0.62,1.83
-1.81,-6.15
2.28,-7.04
-0.53,-7.25
7.8,-9.33
-3.4,0.82
-9.31,1.67
9.3,-2.25
0.56,-9.83
6.95,-2.06
-0.28,-2.84
-1.62,3.28
-4.45,0.4
8.85,2.8
6.98,8.39
-3.45,2.63
0.32,-9.92
-2.76,-2.66
9.12,2.12
7.33,-3.18
-0.04,-9.26
4.51,-2
-0.4,6.77
4.8,-9.79
-1.67,-0.94
-6.82,-2.84
-7.36,-4.12
3.17,6.65
-9.22,-5.12
3.03,-2.77
1.55,4.4
-0.59,0.14
0.36,1.58
1.76,-5.52
7.32,7.69
-9.36,6.26
9.93,-2.56
2.4,-1.5
-6.16,-8.32
8.2,5.39
-9.69,-9.83
2.88,-6.05
0.49,-8.16
-5.32,-0.9
9.63,-0.62
5.75,3.72
-7.9,7.88
-4.76,-2.13
9.56,-0.45
-1.81,6.33
-1.58,7.83
2.01,-5.05
2.09,8.36
3.11,-5.55
8.13,-8.71
4.31,9.73
5.35,5.45
-8.76,-3.89
-1.17,8.89
-4.41,7.82
-6.56,-7.56
7.27,8.64
-7.32,-4
-8.04,-1.16
0.67,0.69
-6.08,-5.98
-2.02,5.32
8.39,-7.51
-0.99,5.2
1.45,1.06
-0.2,2.87
5.54,-3.22
3.92,3.55
-4.64,-8.96
-3.62,-5.98
-5.54,9.91
-8.47,9.33
-5.18,0.2
-1.45,-4.18
4.96,-3.45
-4.05,0.95
0.78,-3.13
-9.84,4.91
-3.09,-9.01
-8.38,-2.76
-5.88,6.26
-3.48,-0.01
-8.58,-7.69
-0.3,-5.88
-3.63,-6.54
-7.63,9.98
-5.61,0.73
3.39,1.6
-9.02,-0.29
4.24,-1.17
-9.19,0.3
-6.37,-9.7
9.05,-3.21
1.51,1.34
-9.93,6.39
-4.76,7.65
-5.5,7.38
6.26,8.56
4.49,-2.82
-2.94,-0.76
7.22,-5.15
5.67,9.26
-6.91,9.55
-3.53,-2.74
-1.16,1.09
-5.46,-7.38
8.06,-8.32
-7.25,-6.08
8,-7.5
5.64,-7.5
5.61,-0.5
3.03,2.7
-8.76,-2.75
0.38,-6.02
6.49,-7.76
-3.28,-2.82
6.04,9.87
3.63,3.47
-6.42,3.65
-3.75,-7.93
7.15,1.18
0.78,1.66
3.12,-2.47
9.7,-0.91
-7.46,1.24
7.51,-8.1
8.21,8.89
-9.98,6.75
-7.83,1.93
3.8,6.6
-7.68,8.74
-3.74,1.29
-2.74,1.82
1.73,2.99
-9.19,7.42
9.34,1.24
5.74,-9.46
6.92,-8.02
-5.54,-7.32
5.45,8.47
6.83,6.2
-4.67,3.98
2.93,-0.24
0.59,-5.6
7.06,-9.33
-0.6,-4.06
1.06,4.34
-0.58,8.96
-1.09,-4.12
3.45,-9.49
-8.99,6.44
-8.06,-9.08
5.12,-6.66
-9.56,-4.29
0.83,-6.64
-1.9,9.46
6.49,-1.77
9.35,7.02
4.17,-6.5
-7.57,-7.03
1.68,-6.65
6.11,-4.71
-4.38,5.4
-2.79,6.35
-4.87,8.57
-8.24,-4.99
3.75,-6.08
5.92,3.18
2.33,-1.63
-1.43,9.99
4.67,-4.25
3.59,-3.3
-2.63,2.8
-5.84,-0.11
-6.23,-5.55
-9.91,-4.73
-1.55,8.25
7.27,4.41
-2.45,4.13
-7.97,3.88
-9.83,-3.59
-5.28,-9.35
1.98,-5.71
5.68,4.04
9.6,-9.84
8.34,8.39
7.44,4.98
-8,-8.5
-0.43,8.49
3.16,5.54
1.78,4.84
0.32,-8.06
2.88,1.09
8.86,3.81
8.53,4.11
-0.2,0.45
6.14,-1.02
8.67,-2.34
-1.33,-6.17
8.84,3.85
2.11,-0.45
0.68,0.95
-7.58,4.76
-7.93,-4.35
-4.6,7.96
-5.63,2.53
5.93,-2.6
5.58,8.3
-8.12,4.32
9.11,-6.76
9.56,5.68
5.54,9.82
4.44,3.83
-8.19,3.18
7.6,3.61
9.21,3.87
7.57,-1.28
9.44,-6.25
-5.49,-7.63
-5.01,-7
-7.68,8.09
-3.67,-5.1
-7.34,5.48
6.94,-6.01
-2.7,-4.9
-9.31,-9.86
1.28,7.18
-8.56,-0.52
3.21,6.68
5.46,-6.04
-7.36,1.89
-6.66,0.7
-3.33,9.99
2.19,-6.99
7.58,0.75
-2.01,-3.23
6.79,-0.78
4.92,6.73
-4.23,5.64
3.66,-5.1
-2.21,-8.21
0.96,2.01
-8.72,-6.99
-3.74,-4.64
9.64,-4.34
-4.29,-1.44
4.72,0.85
-7.74,6.15
5.13,7.48
-5.23,7.04
1.48,-4.29
9.05,-2.16
-1.3,-8.87
1.25,0.49
-2.52,-8.39
-5.16,-0.81
-3.82,-5.52
1.91,-7.49
5.9,5.86
-6.74,-6.77
3.86,-4.98
5.75,-4.56
-6.33,5.26
-7.02,-1.3
5.51,7.15
-8.63,-3.2
-8.78,0.82
2.29,-3.79
-4.69,-9.03
7.59,9.96
6.25,-7.3
-5.6,-2.67
6.23,-0.06
-3.67,6.35
-3.39,-7.08
3.14,5.41
2.68,0.95
-8.67,-0.09
4.16,2.07
-2.21,7.58
1.19,-8.3
-4.02,4.86
3.09,4.87
5.54,-6.07
-0.46,-8.55
7.51,-0.32
6.32,-7.66
5.28,2.66
6.6,1.15
1.27,-2.46
-5.11,-9.41
-1.3,3.95
-2.52,5.86
0.59,7.97
2.07,-8.99
-2.15,9.69
-8.34,-5.09
-2.88,6.43
6.57,0.59
2.26,3.28
2.6,3.13
-1.45,-4.3
-5.43,3.41
-5.6,0.1
8.78,-6.09
-9.36,9.78
8.07,7.83
1.65,0.18
-5.15,-4.9
-7.32,3.85
-7.26,-9.26
-8.05,1.97
0.14,3.62
2.37,6.97
-9.85,0.6
6.26,-3.75
4.54,-6.72
1.99,-6.48
-2.73,-7.85
3.96,8.25
-0.19,-8.73
-4.86,2.41
4.93,-7.38
3.07,-5.75
2.06,5.74
7.4,5.5
1.06,-1.82
-8.73,8.86
-9.56,-8.68
-8.77,-5.73
1.03,1.19
9.03,-1.37
-2.55,-4.31
1.18,-1.28
-9.71,-3.13
1.17,-7.41
8.79,-3.9
2.57,1.69
6.1,0.22
6.72,-6.38
-4.46,9.45
9.21,5.29
5.17,-0.48
0.77,-1.73
-7.9,6.48
2.52,-5.92
-7.51,6.75
6.88,-1.57
-4.25,4.7
6.89,5.85
0.72,-0.12
-8.4,-3.13
9.35,5.57
3.73,1.84
8.5,8.4
3.76,-9.84
8.17,1.96
-7.88,4.17
7.12,3.97
6.84,6.67
-0.8,3.82
-2.21,0.95
1.16,9.15
-8.81,-8.01
-6.39,-7.89
-6.09,-4.17
8.15,7.21
5.99,5.25
2.36,-1.9
-3.26,1.5
7.14,-8.78
3.85,4.55
-3.35,0.75
3.82,-1.99
1.53,1.18
1.04,-7.26
6.77,-2.34
-7.72,5.84
5.05,2.6
2.55,-0.46
9.87,-3.42
7.58,8.6
8.41,4.44
8.18,-1.18
9.77,-4.09
2.16,-4.43
-0.32,-6.21
-9.51,-7.41
-1.64,3.07
-9.2,4.3
8.1,-6.5
1.55,-2.3
1.19,-6.49
1.54,7.69
8.91,-7.41
-2.57,2.99
8.21,-7.74
-4.26,-3.97
-2.88,7.03
8.6,6.29
-9.61,-3.28
-3.89,-7.81
9.16,1.23
-9.05,7.08
-8.36,-3.59
6.71,-9.92
-1.24,-1.66
-7.75,3.97
-2.51,4.05
8.12,2.33
-0.78,-5.39
4.03,-8.78
6.92,6.48
-8.35,-0.98
2.73,-1.43
-7.17,6.53
-9.32,-2.04
4.02,8.84
-5.29,3.73
-6.29,-0.99
2.39,-2.17
2.99,-3.38
-5.45,-5.99
7.38,-7.08
-6.12,8.13
2.11,-7.41
-8.24,-5.79
2.99,7.9
8.25,-8.36
7.49,2.98
8.02,-5.32
-6.07,0.71
8.65,7.64
3.96,-0.33
6.92,5.15
-6.21,3.58
2.64,2.23
7.65,-9.07
-8.04,-0.2
9.38,-8.01
5.43,-8.54
5.17,-7.16
2.36,-0.21
-5.66,-1.78
6.74,0.03
0.13,4.76
6.64,-1.13
2.79,-9.7
-5.97,0.59
8.56,2.07
0,-9.16
1.98,0.32
-6.29,-3.48
-6.67,9.96
-9.59,-4.75
-3.6,6.26
-4.94,4.98
7.25,-7.51
-8.42,-5.39
-7.53,-8.91
2.36,1.29
9.4,3.04
-5.35,-8.73
5.85,-3.4
6.78,4.99
8.15,-4.64
8.29,3.04
9.47,8.47
-2.97,2.3
4.87,3.34
4.62,-1.02
5.23,-8.26
-5.53,-5.16
-2.8,1.93
4.32,2.36
-6.87,-5.81
3.1,-3.1
-0.78,-8.55
-5.45,-1.98
-9.46,-6.51
-5.35,7.04
2.79,5.78
8.75,-6.79
0.91,-7.86
4.77,-5.17
-3.53,9.43
6.56,-7.85
-9.5,-5.95
-1.42,2.96
1.97,3.98
-4.15,5.28
-2.89,-8.66
-1.93,5.31
-8.83,5
-0.19,2.37
-1.69,0.04
-2.37,-8.76
1.18,1.95
-0.28,-2.78
4.5,6.52
8.82,-6.28
6.16,-9.55
2.26,-7.97
-4.07,1.41
-8.03,-2.86
-2.59,5.06
4.4,5.01
-3.16,-4.8
-5.11,-3.27
-3.7,-2.08
-1.29,0.39
4.07,8.37
4.66,8.96
-3.53,7.28
6.66,6.74
-3.29,-1.31
-9.98,8.19
0.94,5.66
5.33,-6.13
3.02,9.86
5.19,-6.03
6.99,5
9.55,9.29
9.95,2.99
1.07,2.81
4.52,-3.65
0.46,4.34
-8.2,-3.85
-3.23,-9.03
7.7,6.59
5.07,8.4
-3.43,1.45
-1.62,-2.61
2.92,-2.79
-0.14,-5.7
5.85,6.2
-6.97,-0.57
4.69,-9.08
-2.34,0.23
-2.87,-5.79
-2.96,8.13
9.81,-3.18
-1.33,-6.48
-9.44,-3.22
-6.68,-8.22
-4.5,-8.63
-0.05,-7.84
-3.73,-0.49
6.51,6.17
-5.27,-6.01
-7.7,-0.91
1.15,-2.05
-5.08,-6.54
-3.95,7.48
-2.21,8.27
2.66,9.31
-0.32,3.39
-0.73,7.73
-7.02,9.89
-5.91,0.98
-6.63,-6.26
-0.83,-8.29
-0.11,8.07
1.54,2.91
2.71,-3.5
-8.82,4.84
0.73,-5
8.69,2.74
-3.99,-6.27
2.5,2.04
9.3,-3.8
3.52,-8.18
-1.27,7.42
-7.69,0.56
2.2,-7.58
7.92,5.68
-5.73,-3.7
0.19,-6.02
-4.84,9.5
-3.37,4.4
-0.21,5.39
0.38,-2.97
7.4,0.88
2.95,-6.67
-5.75,9.74
-7.36,8.66
-9.79,6.13
-8.37,4.76
-9.55,5.8
9.25,-8.25
0.46,9.92
1.04,-8.66
-9.13,2.13
9.46,5.18
3.73,-8.23
9.39,8.04
-9.05,-8.17
7.09,-1.56
8.58,-1.07
3.97,-7.66
6.68,2.64
1.43,8.5
-2.7,-4.48
4.19,-8.53
-7.97,-5.55
-6.21,-3.71
-5.69,9.55
-0.75,2.78
-0.19,-5.63
7.11,7.55
3.17,8.93
4.96,8
4.02,-7.15
-4.97,7.36
-7.03,-9.9
-8.8,-9.49
-4.52,1.58
-9.17,7.5
-8.88,3.85
9.12,1.76
-1.52,7.9
-5.23,-6.77
-9.86,-6.85
9.09,2.92
4.11,-1.14
6.76,-2.19
-2.87,-2.71
-3.79,-8.98
2.37,4.79
3.45,3.19
8.64,-2.97
5.97,-0.37
-9.81,-8.46
6.69,-2.12
0.83,-7.84
-6.86,-7.17
7.2,-8.02
6.58,-1.42
-6.54,3.14
3.67,-0.01
9.76,5.12
4.42,7.57
-3.66,5.86
4.55,-2.86
-5.76,-2.55
-4.47,8.22
0.83,0.12
0.25,-2.33
-8.12,3.61
1.85,2.46
2.2,5.13
5.63,4.59
1.89,-0.1
5.34,0.49
8.12,3.01
0.54,3.75
-4.16,6.06
-9.22,-1.39
-8.25,-3.46
1.25,1.09
-8.42,-2.23
-6.19,-9.02
-6.29,-8.72
8.03,-1.26
1.97,2.92
2.92,5.36
0.69,5.35
-7.28,1.62
-8.81,0.23
-8.46,6.88
-9.89,-9.94
-1.23,-6.78
-4.34,-9.45
6.67,-9.04
-5.72,3.19
9.61,8.78
9.78,-8.58
1.62,-8.25
2.4,-0.15
-3.82,-8.43
-7.49,-1.84
4.94,6.32
9.15,-8.4
-4.79,-6.64
5.99,-4.02
-6.61,4.78
-0.13,-4.51
3.32,-7.06
-3.83,-5.38
3.08,-4.76
9.73,9.6
1.16,-1.25
-4.35,-5.55
4.35,-9.61
-1.17,8.92
-3.44,-2.19
-8.38,-8.64
-4.92,-7.64
-4.86,0.67
-4.98,-5.87
2.86,10
-6.4,2.01
5.63,3.44
4.15,5.82
-3.7,4.22
-7.07,-0.73
5.79,-4.13
1.72,-4.6
-6.99,8.07
3.48,-8.67
-6.82,-1.42
-9.13,-0.19
0.14,6.8
-7.94,7.67
8.98,4.78
-6.23,4.72
4.41,-10
1.37,-0.15
8.97,4.2
-9.51,-7.71
7.87,1.21
-1.67,8.91
-5.99,5.08
-2.16,6.04
4.26,1.24
-3.81,-0.89
1.6,0.39
-5.75,1.6
-9.78,2.61
-8.19,-7.93
-9.61,3.48
-6.38,2.97
1.31,1.85
5.73,-0.6
8.82,4.98
-4.16,7.51
-5.74,-2.17
0.89,1.84
-5.82,-4.57
1.63,-5.98
-8.4,4.72
4.51,-6.96
0.04,2.45
-1.07,-1.22
-4.86,-9.24
-1.88,3.74
6.7,-8.63
-4.02,0.45
-1.79,9.92
2.69,-9.96
4.21,-7.07
-4.48,3.77
-7.09,9.2
9.76,0.57
-1.98,1.82
7.24,1.62
-4.39,5.89
-4.99,7.92
3.47,-0.65
-1.15,-8.86
3.72,-3.05
1.02,-7.36
6.7,-6.82
-4.87,8.81
1.51,4.3
1.92,-3.3
-3.8,2.29
-8.21,1.32
-6.63,2.06
4.72,0.1
-1.44,8.99
-3.7,-9.69
-4.08,-9.28
5.15,-5.67
-4.7,-8.57
4.86,3.69
7.27,-2.01
5.34,2.43
3.47,9.52
-1.42,4.62
6.41,1.07
8.42,5
6.22,-2.81
-6.02,-0.55
2.43,-0.12
3.36,-7.4
-9.34,4.52
-4.58,-8.86
-1.46,-9.86
-5.72,-3.06
2.89,-5.91
-6.28,8.77
-8.21,-0.28
-6.73,5.84
6.49,2.78
-4.94,8.95
6.4,-9.93
0.05,-9.43
-4.74,-0.56
-5.95,-4.75
6.85,-1.41
-1.87,6.93
8.29,8.17
3.89,-6.26
8.59,5.03
0.69,5.66
-5.71,2.63
8.47,-3.33
-8.82,3.53
4.87,0.44
5.14,7.44
1.26,4.07
5.54,0.31
1.33,3.74
-5.62,-3.95
-9.29,8.65
9.76,5.73
3.32,9.52
4.98,-1.55
-3.75,7.59
7.45,-4.44
-3.6,-7.23
4.78,-5.85
0.94,4.85
8.61,1.56
8.58,-7.22
-4.39,4.48
1.35,-7.57
4.98,3.87
-2.87,6.57
1.07,0.38
-0.04,-9.35
6.7,-2.74
1.16,-7.69
-5.17,-8.1
-5.19,-4.51
-9.89,6.91
-6.8,9.99
-8.35,1.4
-3.54,2.71
-2.63,-9.86
-5.57,-3.39
-3.95,7.28
6.13,3.49
-7.81,4.93
-3.88,2.78
-8.12,-4.23
-2.61,-5.94
3.27,6.04
-5.41,-1.93
8.73,1.67
4.17,-6.19
2.48,2.28
7.79,-8.19
6.22,5.55
-8.38,-3.59
2.41,-9.52
-0.08,-1.55
-5.57,-8.33
9.79,-3.82
-8.56,-3.78
-8.54,6.1
0.12,3.5
-9.75,-5.02
3.74,-0.67
0.05,0.49
7.13,7.46
-8.42,-5.67
-8.44,8.8
0.96,-4.68
-5.91,3.91
-5.14,5.58
-0.95,3.45
-4.43,-3.94
-8.16,7.98
4.87,-0.71
-1.7,3.89
-8.12,6.12
1.56,-8.51
-7.79,7.02
-9.33,-9.29
7.01,-6.09
8.46,2.5
5.81,-5.02
1.95,5.22
7.04,-2.98
1.67,-0.57
-0.58,6.01
-4.86,-6.22
-5.59,5.29
-4.99,6.12
7.74,5.33
-4.31,6.6
-9.51,-2.87
-4.01,-1.1
4.88,0.39
3.36,-9.7
9.83,-5.16
-7.06,3.73
4.81,-0.53
-4.78,-7.47
-5.35,-0.03
-6.07,-2.74
7.89,-4.33
-4.61,1.73
-4.96,7.85
5.95,0.77
5.48,4.38
-7.53,6.34
7.31,-1.51
3.36,-9.88
9.2,5.95
9.67,-9.92
-0.77,0.63
5.2,-6.27
6.94,-5.17
-4.03,-0.67
-0.27,-4.52
7.8,1.86
-7.9,8.05
8.02,-0.41
1.49,-8.15
-5.14,-1.28
-3.46,4.54
-4.66,-0.08
6.3,-2.03
9.21,-7.83
5.06,-7.72
-3.86,0.48
6.3,-8.45
-2.92,7.31
-3.68,6.47
3.05,6.77
1.03,-2.32
-7.81,-2.92
0.15,8.03
2.69,-6.49
-2,3.41
2.21,-6.67
8.76,-3.32
-8.44,0.2
-7.42,2.22
0.81,-4.27
-2.33,-4.83
-9.15,9.46
-2.27,8.47
-6.19,-0.13
-6.36,6.96
7.52,-2.78
-5.3,-3.99
-7.5,-3.81
9.28,7.65
7.86,-6.89
0.86,-3.64
6.57,-8.29
-5.2,2.31
-8.66,-1.64
4.39,-8.81
-0.84,-4.59
8.09,1.01
9.51,-8.66
5.78,-8.78
-3.07,3.01
-1.26,3.92
-2.84,-9.52
7.39,-2.02
-9.7,-0.9
6.26,8.26
-6.71,-9.13
5.18,2.37
6.2,3.19
-6.78,-6.72
-4.2,-2.9
0.84,1.1
-4.75,-0.87
-1.85,3.72
4.58,-9.29
-8.45,-6.6
7.99,-5.75
9.93,-0.6
-1.27,4.46
3.16,-5.96
-2.66,-7.22
-2.68,-8.54
0.55,7
-3.05,7.21
-8.92,9.34
7.21,-9.39
2.23,3.57
1.34,-4.26
-9.45,-8.65
4.5,-2.42
-0.87,8.72
5.15,-5.81
-1.6,7.48
9.24,-1.43
-4.28,8.31
-6.56,-7.55
5.51,3.74
-2.9,7.19
6.71,9.21
8.41,-0.12
3.85,0.95
-1.35,8.57
-0.34,-9.98
-8.26,-1.1
6.4,9.4
1.06,-8.51
2.62,-4.09
1.22,-5.82
1.98,8.06
-1.99,-5.77
-5.58,1.07
3.24,9.84
-8.81,5.87
5.03,-3.84
-8.13,5.32
-3.41,-1.61
-7.19,2.04
8.29,3.98
1.62,7.61
3.39,4.8
0.05,4.16
3.95,5.16
-0.36,-7.85
5.87,7.3
6.17,7.32
-1.64,3.35
4.59,7.8
6.51,2.72
-8.94,-2.91
3.31,9.01
-0.49,1.33
5.32,-5.98
0.76,-4.79
-2.59,5.86
0.27,3.41
-0.29,-5.17
9.22,6.78
-9.35,-4.69
-4.59,0.19
0.61,0.83
-1.63,-8.11
-4.32,9.54
9.13,-5.13
-3.95,2.68
-2.79,-7.85
-5.86,3.91
0.55,7.87
7.13,6.05
2.64,4.02
-9.95,1.57
2.71,-1.37
6.23,-0.21
3.74,4.2
-2.08,-0.22
-7.77,4.24
-2.24,3.5
2.97,5.87
1.38,-4.66
-4.61,1.28
2.93,-5.09
-3.89,-8.92
1.71,-2.88
-8.2,-6.9
0.71,9.06
2.12,-6.94
-1.61,-8.3
-7.15,-5.32
-7.19,-2.59
-6.83,8.47
-8.74,-8.53
-7.55,5.38
5.85,1.79
-1.73,-0.95
-5.18,-8.06
-0.61,6.21
8.4,-1.04
4.88,1.58
-0.41,9.32
9.16,-4.96
5.58,0.54
-2.48,8.72
4.01,1.46
6.91,-4.36
-5.11,-4.56
-5.23,-9.23
5.8,-5
4.06,-1.53
9.02,-7.03
0.16,1.42
9.19,-4.79
-6,-0.1
2.6,-4.48
-6.16,-0.24
9.42,8.93
0.25,-9.1
5.34,-9.05
-7.32,3.87
-4.95,7.35
1.65,-7.62
-2.56,3.17
8.2,3.68
-6.58,-5.63
7.82,8.15
-1.13,-8.8
-8.02,-0.65
-8.83,-7.96
-3.92,-0.92
1.5,-7.96
0.42,-1.86
-7.7,0.65
3.63,5.49
7.43,-5.49
-3.59,-5.13
-4.43,4.37
5.01,-7.73
-1.65,9.27
2.46,7.18
9.75,-2.76
-1.09,7
-2.36,7.39
-5.92,1.64
0.04,4
-5.85,5.92
3.24,-3.74
0.11,0.31
-0.12,-3.59
-1.95,0.55
-4.75,1.83
4.46,0.37
8.32,-4.51
9.88,-8.69
8.87,8.83
-3.54,5.3
5.9,0.58
7.22,-8.79
2.04,2.32
1.61,-7.49
2.49,-1.52
-9.74,-4.35
-9.96,-6.42
7.73,5.03
-4.89,-0.55
4.16,-1.7
-4.42,-3.07
-4.11,3.35
8.2,-6.04
-2.2,7.81
-0.36,-4.56
6.12,4.96
3.59,7.83
-6.27,2.98
-9.45,0.24
-9.45,-5.44
8.1,8.93
1.34,6.55
-7.74,-4.95
-4.8,-9.01
8.11,0.77
-4.5,-8.16
3.61,-2.79
6.01,6.79
-9.56,5.11
7.23,-1.07
5.01,1.09
1.15,-4.48
-5.71,6.83
-6.28,-7.93
-9.63,8.12
4.58,0.86
-8.3,6.72
-5.87,-5.97
-9.37,-4.4
6.87,0.78
9.13,0.74
4.55,-4.5
9.78,-9.42
-4.45,-6.64
-3.36,4.1
7.14,-9.18
-1.95,9.23
1.06,-5.26
-1.7,9.3
-9.52,2.14
9.5,2.02
2.97,-2.21
4.37,8.39
7.9,-5.36
-7.76,-5.47
-9.3,4.96
2.03,-9.69
1.06,2.17
7.48,-1.35
-8.89,-8.94
-1.42,7.92
2.64,3.84
1.83,-8.25
-4.85,8.15
6.17,-4.43
-3.45,-0.38
9.83,-4.4
-0.63,-0.55
6.96,-0.18
8.83,-5.59
3.63,6.18
7.76,1.69
4,2.62
5.55,9.46
0.16,7.36
-2.59,4.76
6.54,-9.46
1.58,8.77
-0.77,-6.96
-0.48,7.9
-5.21,-4.72
-3.1,2.13
-4.09,1.91
-9.62,-0.88
9.63,6.1
-7.16,-6.51
-6.97,-4.43
-8.44,-1.49
7.96,-7.89
4.1,-3.07
9.89,0.85
1.71,4.57
-4.93,7.69
9.5,6
4.81,5.38
1.12,3.98
-7.97,-9.96
5.83,-4.45
-8.68,7.02
6.63,4
-6.91,-2.76
9.36,3.89
-4.36,-3.21
6.84,-9.31
4.84,9.15
1.42,9.72
-6.72,3.74
-5.32,0.65
6.65,-2.42
-0.33,-4.35
8.41,-0.42
7.88,-5.42
5.75,-7.03
7.36,-6.07
1.99,-9.23
9.32,0.68
3.45,-5.08
-8.74,6.64
9.28,-6.43
-0.26,-7.99
7.81,-2.04
-2.2,7.12
6.74,5.23
8.25,8.76
1.49,-5.35
4.77,2.03
-5.02,-6.96
9.4,-5
-2.86,2.73
-3.08,-7.45
-7.46,8.23
3.38,-4.68
7.59,5.11
7.48,4.97
5.05,3.36
-4.15,8.5
3.09,-1.7
-5.6,4.31
-9.72,0.42
-5.72,-2.57
7.43,-0.69
3.14,-1.18
-2.36,-5.6
-9.25,0.22
-3.3,8.11
6.21,-7.11
-2.1,1.48
9.34,5.01
-8.46,-6.68
-7.26,0.83
-1.54,4.53
3.61,-1.58
2.66,9.21
-1.9,-9.46
-5.39,-7.56
5.18,4.76
9.2,-1.35
8.18,-9.97
3.88,1.15
-7.18,7.78
-1.16,-2.71
-0.09,7.97
6.56,-3.7
0.65,-5.86
7.43,-7.16
0.61,7.74
-3.44,4.62
-3.73,8.96
9.61,-5.88
-5.73,-1.88
8.41,4.65
4.96,3.76
-0.52,5.9
9.01,-6.64
8.8,-2.01
-4.19,5.73
1.3,-0.31
2.53,0.51
-7.47,-8.97
-3.23,7.92
1.88,6.71
0.75,1.3
-6.06,3.92
1.82,-1.12
-9.74,1.03
-9.96,3.33
-0.12,5.78
-7.73,-3.86
-0.2,6.68
-4.06,-5.7
4.19,-8.1
3.56,7.66
2.8,-2.57
-9.59,-5.29
-5.69,-6.68
1.2,-1.72
6.29,1.28
-0.87,1.18
5.43,4.62
-3.64,-2.21
-4.86,-9.29
1.82,-8.33
5.35,-2.7
-8.81,3.93
3.52,-4.23
-6.54,-3.55
9.93,3.94
6.32,-9.91
7.68,-4.06
1.89,0.43
3.68,1.5
5.48,-0.36
6.05,6.52
-5.55,3.59
2.54,-2.38
-8.85,3.34
10,4.37
-7.89,-6.66
-9.84,-6.41
8.24,-9.95
-4.65,2.96
-7.16,8.14
-8.03,-6.62
-8.87,-5.17
3.62,-4.36
-5.03,-0.4
-7.02,8.34
-1.15,-4.95
-4.34,-2.34
-4.53,-0.48
-5.85,3.48
6.02,-2.47
-2.74,9.66
7.07,6.48
9,-2.18
3.9,-4.26
7.85,1.57
1.09,6.17
-9.17,-3.09
-1.17,9
4.42,-4.03
-2.88,-6.96
2.32,-5.28
-6.49,-7.46
1.78,-5.08
-2.65,5.92
-9.88,4.22
8.99,-5.64
-3.2,3.45
5.81,-8.35
-5.61,-9.33
8.63,-9.53
2.28,-2.6
2.5,-1.74
-0.84,-5.54
2.91,8.87
6.74,5.34
6.96,-0.08
4.83,0.59
7.29,7.62
0.16,9.96
-0.11,-6.32
-9.71,-2.96
4.09,0.2
5.82,4.57
-9.12,-7.68
5.76,-8.8
-8.11,4.77
2.83,7.37
7.4,0.06
8.74,8.46
-9.13,-9.78
-7.96,7.95
-4.3,-6.24
0.81,0.91
2.58,8.95
1.41,8.9
-0.52,3.81
5.88,-0.88
9.94,-3.63
6.52,-1.88
3.47,0.01
-2.26,-3.54
-6.46,7.6
1.63,-2.85
4.2,-7.3
7.02,1.95
7.12,2.33
6.39,-3.41
-1.38,-0.98
-5.13,3.75
-0.92,-9.91
1.46,7.79
7,0.3
0.3,-3.65
-2.7,-5.93
-2.63,6.8
2.06,1.99
-5.16,5.57
6.28,5.22
2.92,-6.54
-2.79,9.79
6.79,-0.76
0.46,-6.92
-6.99,8.06
4.54,4.05
-2.63,6.77
2.83,0.93
3.38,-8.19
1.22,-9.72
1.86,-0.19
9.06,-8.16
2.17,-5.14
-4.55,9.76
-3.91,9.61
6.74,-9.01
-4.43,-4.62
4.28,-3.95
1.82,5.26
7.75,0.16
-1.56,-2.23
7.47,-9.79
6.5,-3.03
-7.35,-0.85
2.76,7.83
2.99,-0.77
1.89,-2.66
-6.12,9.25
-2.2,-2.87
7.74,-3.83
1.48,-8.49
9.1,-0.2
-2.14,-0.27
-0.68,-5.95
5.01,8.85
-9.82,0.59
-2.72,-1.57
3.81,7.15
1.47,-0.93
-9.26,-9.81
-7.88,8.7
-1.77,-2.42
-3.37,-1.81
-6.88,7.2
-5.33,8.84
-5.33,-5.6
0.11,10
-9.67,8.59
-5.42,-8.86
-0.68,0.89
7.04,-2.23
-7.57,2.31
-6.33,-5.91
-3.79,-8.8
2.48,9.35
0.96,8.97
-2.35,-1.42
-8.89,-6.57
2.16,-6.48
6.92,2.45
-3.03,-1.16
-4.5,-7.85
1.09,0.19
6.37,6.05
4,4.19
6.84,-1.98
0,-2.89
-7.92,7.63
3.74,9.4
-4.55,0.08
7.37,-2.74
0.91,9.27
-6.5,1.63
9.24,7.62
-9.36,-8.53
6.54,-2.2
-3.13,-1.84
-5.8,8.56
-1.29,-2.53
8.62,0.55
-6.9,2.64
-5.56,9.34
7.88,1.13
-6.63,-7.28
9.39,1.11
1.82,-3.6
-5.5,-9.46
-0.79,-3.66
-8.86,-9.01
-4.47,1.07
-5.81,-5.15
2.29,-8.39
1.41,-7.83
-3.32,3.24
-9.35,7.85
-2.36,-4.62
6.55,2.56
-1.95,-2.26
-8.77,-2.03
-6.84,-8.32
-2.66,-2.05
-0.74,-1.26
-8.52,-4.4
-2.77,9.02
2.39,3.99
-9.97,-6.5
-4.54,-7.49
-6.83,-5.16
-8.34,-8.29
-6.74,-9.05
-5.94,-7.32
0.56,4.44
5.21,-2.4
5.73,2.53
-9.68,-8.19
9.58,-7.44
-6.92,-8.88
-1.88,-2.85
-6.76,2.44
-5.03,-3.27
-0.54,8.3
-9.8,0.53
8.76,-6.11
6.4,2.55
-7.67,-0.35
1.57,9.01
-2.31,0.42
-3.85,-0.61
4.05,-2.41
3.13,9.69
-4.5,9.63
-5.06,-4.69
-1.39,1.58
8.58,4.44
-5.74,-0.59
-1.06,2.67
2.8,-8.56
5.58,8.95
7.04,-7.66
7.25,1.88
-9.53,9.9
-4.15,-6.9
8.99,-5.14
6.32,3.81
-5.21,-6.89
8.52,-7.61
6.4,5.21
3.44,6.98
0.96,6.48
1.59,6.38
5.22,-1.44
5.31,7.36
-6.29,-1.14
-9.11,0.12
-7.8,-8.71
-4.6,-0.66
3.38,-3.55
8.08,-0.29
-0.15,-1.08
-6.17,-6.07
1.21,-2.18
-7.73,4.81
9.44,7.77
0.36,-7.26
-1.88,5.16
-8.8,-6.96
-4.3,-2.1
-4.02,1.77
-1.15,4.61
-7.35,1.39
-6.28,6.19
-1.98,-3.61
8.55,-4.96
3.71,-1.64
-7.47,0.26
-7.3,2.43
-9.69,0.77
-5.03,-9.45
-9.92,5.89
4.51,-7.05
-5.91,7.69
1.7,-1.3
0.64,-9.13
9.83,-0.46
1.45,9.74
1.8,1.89
-3.37,3.51
-8.41,-1.43
5.41,6.73
1.29,0.42
6.43,4.64
-5.05,-6.79
7.64,6.4
-5.1,-7.17
2.8,-2.34
5.97,-3.89
8.1,-8.5
1.67,3.45
-4.53,5.45
-5.65,7.71
5.93,-1.99
-4.67,9.17
-4.14,3.74
-0.21,-9.72
-2.51,5.88
-7.47,-8.88
2.59,8.19
5.61,4.99
6.82,8.62
