-5.16,-4.06
-2.76,8.67
5.42,0.03
4.74,-6.26
-9.72,7.08
6.69,-4.84
1.47,-7.71
-0.28,-2.5
0.37,-4.46
-3.22,-1.3
-1.46,-6.35
-9.88,0.78
-4.79,3.79
-6.94,4.3
-2.06,1.7
-8.01,2.42
5.41,-3.97
-7.23,6.07
0.7,-7.73
5.72,-3.28
6.82,-1.3
0.28,2.29
2.79,7.54
1.63,8.36
4.24,-4.11
3.94,0.38
-8.29,-5.72
-5.47,-6.04
2.21,9.4
7.73,-2.29
2.26,5.67
-8.43,2.92
4.94,3.88
-6.16,2.35
4.71,9.57
-3.24,-0.48
-6.22,1.7
-8.09,-2.55
-5.84,7.15
-4.48,-2.31
3.27,-8.38
0.86,-1.83
6.53,6.73
-0.87,5.3
4.85,-7.38
4.72,9.74
5.38,5.89
7.76,-5.99
-0.33,7.83
-7.82,4.18
-2.13,-0.01
0.08,-9
1.28,-6.55
5.15,3.58
4.13,-6.89
-5.07,6.15
6.46,-3.42
2.86,-5.08
-3.43,-0.45
-9.33,4.79
7.44,3.24
2.16,5.54
3.35,3.26
5.64,6.09
3.15,1.32
7.35,0.85
-9.65,-3.08
-2.36,3.78
1.2,-3.13
8.82,-1.68
-8.14,-1.56
-0.93,-4.24
1.29,-4
0.13,-4.25
-0.46,-3.15
7.89,8.45
-2.38,5.91
-1.84,7.06
6.74,-7.66
7.58,9.87
-4.27,7.24
5.78,-9.65
2.61,-6.82
7.43,0.2
-4.03,0.83
2.65,-7.95
2.97,-5.82
6.91,3.6
-7.65,6.5
-4.72,-7
9.54,-1.97
8.86,-1.36
-2.93,-2.41
-5.68,-3.8
9.57,9.1
-3.7,-0.94
2.18,3.52
-2.84,-2.63
-6.09,-6.98
-9.75,1.62
3.37,-6.85
-7.44,1.37
3.33,0.11
9.71,9.81
-7.05,6.24
-5.37,-4.5
-2.64,0.77
-0.31,-3.35
-7.88,-1.19
1.12,5.05
6,4.53
1.55,4.82
6.63,-7.96
0.72,9.13
-9.51,8.91
-7.34,-6.81
-8.81,1.1
4.5,-8.69
6.15,5.14
9.66,8.41
1.61,0.07
5.22,1.57
-5.74,1.46
6.53,-3.63
-3.11,-0.21
-6.19,9.36
-8.1,-6.71
4.63,-5.43
0.58,-2.26
8.74,-7.44
1.82,4.43
-5.54,-1.74
8.67,0.76
1.42,-3.15
-7.87,-1.09
6.3,0.9
8.9,1.4
0.38,-3.34
8.38,4
8.77,-6.95
5.44,-8.48
8.96,-7.19
0.3,-3.2
-8.77,-3.72
9.68,-0.41
0.08,-7.76
-7.06,-2.69
1.46,-1.08
-1.35,-5.04
3.62,1.27
5.01,-1.19
2.47,-5.16
-5.93,-9.07
1.37,2.05
-9.84,1.4
6.11,-8.07
-3.64,-3.55
3.7,-9.32
4.53,9.99
4.47,1.72
4.88,-1.18
-0.79,9.34
-8.23,9.86
3.18,-5.93
1.78,7.37
-5.75,-1.08
9.78,-2.8
-6.99,-3.74
-3.61,-0.74
-3.71,6.15
2.27,-7.96
9.11,-1.67
2.06,0.21
-1.6,-4.52
2.69,6.96
-2.92,0.74
-3.69,4.32
0.15,7.84
3.29,0.41
6.72,-9.15
9.3,-4.9
9.73,-5.77
-8.03,6.45
-3.3,-9.42
6.62,2.55
6.36,-5.66
-5.97,-4.04
1.36,-1.35
-0.32,8.18
-0.84,-5.99
6.59,-6.86
2.31,-6.47
-4.61,5.57
3.93,-5.93
2.65,-3.76
8.95,-6.95
9.96,6.28
-4.74,0.23
-9.35,-8.7
-6.69,-5.03
0.58,-3.82
3.3,-4.94
-2.49,8.73
2.11,0.63
-7.15,3.07
6.18,-6.25
8.71,6.5
6.41,-5
-9.71,-2.25
-0.51,7.93
-6.98,-8.09
0.24,-1.69
-8.46,-1.8
-8.26,-7.86
-6.88,-6.04
-8.47,-3.53
1.57,-2.43
-4.59,7.04
5.87,3.35
3.35,-5.43
5.63,7.69
-0.01,2.95
7.92,-8.93
-3.29,-5.42
7.46,-9.94
-9.16,7.27
-7.7,2.22
5.31,-2.11
0.04,-4.06
-1.4,-9.32
-3.45,5.05
2.95,-4.99
8.79,6.12
5.1,-1.09
3.13,1.91
-5.85,8.01
3.48,3.45
2.51,8.59
1.75,8.69
6.25,-0.23
-8.99,1.9
3.89,3.66
9.01,9.65
-5.34,-0.15
7.78,-3.04
-2.29,-8.86
8.09,1.08
-1.87,-5.28
-1.52,6.64
-4.1,2.18
-1.2,7.7
-0.58,-9.55
-5.59,8.8
7.28,-4.3
-0.28,4.99
-9.71,-8.58
4,-1.45
-8.43,6.81
-8.07,-2.31
-9.35,5.42
-1.63,8.54
-5.62,-0.18
2.47,-6.6
-1.19,2.1
7,-4.44
7.23,-2.11
-3.86,2.41
-7.15,8.88
-5.09,-5.59
-0.68,7.54
-4.64,2.29
2.88,1.8
-5.83,-0.79
-1.28,-2.6
-7.05,-5.08
-3.77,0.97
-8.29,-4.37
4.98,7.77
-4.05,-0.49
-0.81,9.25
-7.81,6.68
6.43,-5.71
9.69,1.02
5.86,-4.46
-1.75,8.65
-3.4,5.96
4.08,-9.44
5.44,-5.6
7.12,-2.47
-3.04,0.2
3.15,-7.49
-5.74,9.39
-8.52,7.78
-3.88,2.63
4.04,6.49
8.97,4.45
-1.42,1.75
-0.42,-7.62
4.02,1.34
-9.05,7.78
0.31,-4.57
-3.86,4.48
-6.98,6.46
-8.34,4.73
4.99,2.89
5.52,1.82
9.4,-9.04
-0.94,0.92
2.96,0.27
3.2,-8.43
-6.2,6
-7.42,-2.67
1.51,-8.32
6.8,3.78
1.74,-6.66
3.43,6.85
0.14,1.85
-4.68,-8.75
5.86,0.74
0.17,-5.6
7.68,-5.08
2.3,7.99
-9.62,-5.44
-3.6,-5.4
-8.28,8.96
5.55,8.36
1.46,-6.84
-2.56,5.6
2.01,-5.43
6.09,9.07
-1.3,8.28
7.9,5.73
-1.57,9.28
-6.36,5.13
3.98,8.98
-1.87,-2.54
-8.09,-5.49
0.83,9.45
1.32,-5.53
-1.56,6.19
-1.75,6.67
-7.25,-3.43
4.07,-6.41
-2.4,-1.61
-7.47,0.18
6.77,2.73
-8.68,7.6
8.9,3.68
2.42,7.17
-4.06,1.02
-2.52,5.85
-8.64,2.68
-6.6,9.55
2.08,-6.9
-1.7,-6.87
-3.95,2.86
7.25,7.84
0.33,8
5.88,-6.36
6.85,4.26
-3.91,-1.9
5.04,9.54
-2.23,6.9
0.8,6.54
-6.4,6.53
4.4,-1.44
-5.62,-0.87
-8.48,6.42
-4.72,0.22
6.88,-4.13
-4.36,3.57
3.03,-3.73
-8.85,-7.66
-6.69,2.5
-2.65,-7.42
-1.16,-5.49
7.13,4.46
-5.05,4.33
3.73,-7.71
1.73,0.51
0.92,5.04
1.78,-4.56
-4.76,-0.32
0.07,-5.27
-6.62,-3.36
3.43,-6.47
-4.85,4.59
2.08,-3.56
-0.32,1.84
9.02,2.52
2.29,-1.5
2.51,-1.2
4.91,6.29
-2.85,-8.03
-4.99,0.03
-3.04,-1.65
1.68,-5.83
-2.29,-5.74
-0.01,4.29
4.81,4.58
-5.27,-2.99
-0.66,0.06
-6.42,9.23
3.29,-2.01
-7.48,6.84
4.8,5.23
-4.86,9.91
9.14,0.84
3.66,4.28
8.57,-6.33
-5,-6.48
2.59,-1.76
-1.82,3.72
0.14,2.39
5.72,-6.22
9.55,8.53
3.06,-2.15
9.39,6.3
-6.27,-7.36
-0.15,1.51
-3.31,-4.6
9.66,6.17
-7.25,-1.54
6.22,9.4
2.29,-6.66
-7.6,-1.89
5.22,-4.43
-5.99,-0.92
7.51,-9.3
4.55,-8.52
-9.79,-0.59
2.38,1.67
2.61,-6.59
-9.79,2.85
-4.9,-1.73
-8.81,-6.17
5.45,2.24
2.21,-0.58
5.69,-3.45
-8.66,-3.88
0.8,0.19
-0.99,-7.02
-8.15,8.56
8.1,-7.69
-7.94,-1.16
-2.86,-0.11
3.95,1.03
5.16,9.8
9.14,0.32
-2.64,-1.37
-9.06,-0.6
9.8,8.81
0.17,9.64
-9.28,5.42
-6.45,2.83
6.62,-4.1
-9.43,3.3
-4.82,-7.61
-3.58,-2.3
-1.05,-9.75
7.85,-5.32
6.83,-6.7
-5.05,-3.29
2.65,6.75
4.11,-2.39
2.99,-1.01
-7.32,-0.9
-1.21,6.15
-6.11,7.18
-3.9,-1.19
-9.48,5.75
0.2,7.99
3.69,-0.81
5.69,1.88
-8.22,-9.92
-2.04,2.53
9.11,7.44
-6.91,2.47
2.44,2.17
5.93,-6.29
1,8.28
2.92,-2.37
-9.48,-8.63
-4.68,7.18
-5.91,-0.3
-0.12,-7.5
-2.22,-9.14
-3.15,8.23
6.11,2.31
-4.41,-1.87
6.91,0.94
-6.26,-0.59
-2.99,4.28
-3.27,-7.18
-8.8,1.33
3.45,4.33
7.02,7.1
9.22,5.09
-8.23,-9.7
-7.44,-2.08
-8.77,-3.03
7.85,0.51
-4.79,-9.23
8.11,2.8
-2.38,-4.99
-6.04,-3.24
7.14,1.04
4.88,-7.56
2.33,1.5
-0.35,2.86
5.36,7.05
7.35,5.98
6.41,-3.12
2.79,-4.16
7.41,-2.49
-2.62,-0.25
3.24,-9.98
-5.32,-6.93
-3.94,-5.95
1.23,6.55
5.71,0.89
7.07,-1.76
-6.6,-9.28
6.91,9.28
1.31,-3.24
3.84,1.4
3.49,-0.97
3.25,-4.03
8.89,1.7
-3.72,3.13
5.29,0.01
1.6,3.47
1.67,2.28
8.86,-8.58
-4.33,5.13
-6.84,2.95
2.17,-7.23
-9.71,-5.9
-7.33,9.68
-2.91,9.31
7.24,-5.12
9.8,0.48
-8.81,-0.96
5,9.21
1.84,6.68
-8.13,-5.85
4.49,-3.9
-5.01,-8
9.99,7.09
1.34,0.28
8.97,-3.87
-2.93,2.48
-4.58,5.25
-1.43,-0.06
0.68,-9.65
4.13,2.95
3.56,-3.74
4.47,1.33
4.44,-9.13
-9.52,-5.77
-2,8.84
-7.74,-1.94
8.42,5.89
3.62,4.9
-9.22,-4.42
-3.37,2.9
0.65,1.25
-1.21,1.4
-0.31,6.11
4.62,-7.47
-5.74,-9.21
7.72,-5.99
6.68,5.73
-6.76,2.23
6.11,-7.07
2.96,-4.81
-3.99,5.2
5.06,-7.43
-7.95,2.06
-9.57,1.13
-1.7,-7.03
1.83,-4.09
4.71,9.9
3.52,6.72
-9.11,2.92
4.19,-9.35
-0.6,-9.97
-5.34,4.55
-9.65,6.59
8.63,9.92
-8.75,7.31
-1.34,-0.71
-1.42,6.76
2.82,-0.09
-6.43,-1.65
2.38,6.78
-8.39,-0.03
1.54,7.49
9.36,7.15
-4.36,-5.21
0.59,-6.45
9.11,4.8
-1.84,1.51
-0.37,2.46
6.84,-9.1
3.06,4.03
-1.06,-4.76
-3.07,4.66
9.07,9.46
5.32,-5.17
-2.08,-9.76
-4.45,-2.13
-6.78,-9.18
6.37,-2.07
8.74,-7.22
4.34,3.98
-8.75,2.7
8.64,-6.39
5.1,-4.9
4.4,7.09
7.47,2.89
-0.78,-1.7
8.91,-2.01
8.84,-2.04
-2.59,-7.71
-3.23,2.71
-2.46,-1.29
3.85,4.65
-4.6,-0.19
8.65,3.89
-3.55,-5.58
4.23,8.5
0.04,8.66
-7.1,5.21
9.45,-9.34
-9.73,4.49
-2.69,7.98
7.54,-9.55
8.05,-6.71
-9.33,-3.9
-4.51,-8.01
4.58,-6.91
-9.92,3.65
3.7,-8.64
-6.73,2.57
4.81,-1.24
-4.67,3.61
-1.16,-2.68
-6.15,1.27
0.55,1.1
1.29,7.55
-5.24,5.81
-1.94,-3.76
8.93,-5.29
3.62,8.08
-0.34,-9.02
-4.34,-6.91
-3.86,-5.37
6.18,-5.53
6.79,-5.42
-4.95,-0.05
3.65,-8.18
-8.6,8.76
1.39,-6.92
5.11,1.06
2.9,-3.67
5.99,-0.25
-4.13,-1.1
-6.83,6.94
-8.56,1.86
-9.43,7.19
7.3,-4.04
0.3,-4.05
-4.15,-4.33
3.19,-8.34
-9.05,-9.07
-9.32,-6.63
6.89,-3.66
-1.08,-3.28
-1.47,-7.42
-0.87,-8.3
3.16,1.53
8.98,8.22
2.46,2.31
4.7,4.32
-8.53,-0.33
-1.09,-2.5
2.42,-4.17
-7.39,6.19
-0.07,-7.17
8.43,-7.74
-0.91,-1.12
6.67,7.57
-9.05,2.07
-3.28,-1.71
2.9,-1.47
7.34,9.04
-7.54,-3.4
3.41,-0.22
2.01,-4.11
-3.1,-3.69
8.62,5.72
7,3.61
0.05,4.16
3.17,-9.49
-6.67,-9.75
-8.01,4.12
2.22,8.26
9.56,1.11
8.86,-7.39
-7.24,7.5
-6.29,-3.48
-8.17,1.81
-6.93,5.31
-7.91,3.9
3.79,8.09
4.16,-2.89
9.25,-7.45
-3.66,9.7
-1.02,-1.08
1.05,-8.99
4.71,-6.62
7.95,3.01
-2.41,0.49
-2.11,8.15
0.66,2.83
-8,5.75
-6.65,-8.15
2.34,4.14
6.84,-9.51
-5.85,9.13
8.22,1.62
4.78,-9.33
-8.21,3.08
-9.3,9.57
1.98,8.12
3.75,-1.98
-8,-4.31
-8.44,2.19
-4.18,1.52
7.24,8.04
-0.12,0.24
3.56,-5.57
2.64,-6.17
-3.34,-9.03
6.87,8.41
5.99,6.89
4.62,-8.18
2.49,1.82
6.08,-1.28
1.5,8.49
-9.15,1.56
0.84,-5.53
4.12,-9.33
-9.77,-6.4
5.1,-8.22
2.66,5.73
7.51,-3.52
-4.42,-3.3
-7.34,7.49
-2.85,-7.4
5.49,-4.35
-3.11,3.86
9.19,1.11
-0.49,-9.01
-2.46,-9.24
2.52,6.96
-3.8,1.99
-2.69,-9.44
-3.52,0.98
-8.67,-1.18
-0.1,-3.07
-7.89,-4.86
5.51,9.46
8.31,-7.42
-9.09,7.21
2.58,-9.95
7.78,-9.23
-9.35,-2.4
9.66,-1.05
-8.3,-2.04
10,1.75
5.33,6.75
-7.78,-5.08
-5.52,-1.72
8.3,-7.6
-2.53,-8.4
8.16,8.64
-6.52,4.21
-4.55,9.58
-8.89,-0.04
5.77,7.88
0.41,7.75
-3.28,-0.65
-5.06,8
2.49,8.52
-6.64,4.63
7.72,3.34
-8.37,-4.69
0.97,-2.87
-5.17,0.23
4.57,6.11
9.86,-1.88
7.62,-6.14
-9.96,8.47
-3.42,-0.45
6.42,-2.27
6.54,3.64
0.96,-6.71
-1.69,-8.71
-0.17,-0.33
8.14,8.62
0.74,0.09
5.95,-8.14
-9.41,9.7
-9.41,2.51
-9.67,8.25
6.54,7.01
8.14,-1.59
7.72,-0.29
7.65,7.24
-6.44,-5.7
5.95,-4.07
-8.88,-6.52
-0.75,-8.82
-4.73,7.66
2.28,3.2
-4.55,-7.83
-9.77,1.47
-7.75,-5.45
8.79,-9.65
8.26,-3.27
-5.08,5.06
1.07,9.88
2.12,2.5
-0.91,5.44
2.51,9.18
-7.84,-4.4
5.75,8.67
0.39,1.66
-0.99,3.36
-2.65,-1.03
3.5,5.18
-4.34,9.18
-7.37,6.37
-0.26,6.84
-8.99,6.96
-8.72,-8.1
5.6,-7.61
-2.56,5.71
-4.32,0.71
-9.45,-0.04
7.75,-6.76
3.51,3.79
-9.99,9.8
6.3,3.76
-6.02,6.72
6.09,-3.23
5.14,9.11
-5.35,5.12
0.44,4.95
4.13,-7.69
0.64,-0.27
5.92,6.75
-0.05,0.88
2.03,0.08
1.63,-7.35
7.34,3.01
-9.9,0.43
-0.2,4.35
2.03,-8.52
4.24,-1.77
-2.45,-5.44
3.38,8.02
4.26,7.92
-7.25,6.28
-1.55,5.19
-4.75,7.21
6.78,4.12
7.59,-8.3
-1.5,-8.65
7.98,3.11
5.08,-7.54
5.82,8.59
2.62,-6.89
-8.63,-0.05
-9.61,-3.99
-9.04,0.32
3.21,7.69
6.95,-4.85
5.97,-4.22
8.75,-7
7.93,6.82
-1.11,7.28
9.29,5.01
-9.73,4.77
-4.65,-3
-8.44,1.41
-6.84,-3.6
2.09,-3.5
-2.07,-9.46
-1.35,-8.6
7.71,-4.46
-0.2,-0.44
6.74,-1.72
-5.54,-9.88
-6.88,-1.72
3.11,-1.31
3.43,-4.88
6.41,-7.28
-9.63,3.59
-0.46,-6.2
6.44,-1.01
-3.01,8.31
3.01,6.72
7.9,-0.15
2.17,2.49
-4.29,4.65
-7.25,-4.41
3.13,7.47
-4.88,-2.02
1.45,6.6
5.1,0.74
-8.06,2.78
-4.45,-8.29
9.96,0.14
-8.38,-1.63
8.24,1.56
-2.17,4.47
6.63,-7.11
7.6,-3.97
5.62,-5.47
2.72,-1.08
5.54,7.25
-4.97,9.95
-3.13,-5.26
9.43,7.19
8.07,9.92
3.97,0.95
-6.34,-5.76
9.19,-9.13
8.99,3.84
4.97,1.02
6.32,-8.33
-2.52,6.62
-6.11,-5.09
-4.16,-1.11
1.36,5.36
8.83,-8.06
9.74,-0.24
5.93,-3.17
-8.85,1.44
-9.16,1.51
-5.33,-4.83
2.68,6
-4.13,3.52
8.28,-3.17
-1.35,9.81
-4.81,-5.25
1.84,6.45
-9.76,1.99
5.29,-7.39
2.44,2.17
-1.96,-2.72
-3.39,-3.2
1.87,-5.08
5.08,-0.49
8.99,5.45
-0.74,-3.27
-8.81,5.1
-0.2,9.84
-4.28,-3.19
4.19,5.78
8.61,8.6
6.02,8.77
-9.48,-5.68
9.67,-0.93
9.63,5.69
-0.45,6.69
-1.93,-4.38
7.3,-5.14
-7.7,2.77
6.52,-2.93
-9.73,-3.37
-5.16,-0.21
2.68,-6.69
2.15,3.16
2.01,-4.02
-7.14,10
1.72,-9.62
-4.34,-7.4
-2.36,6.36
0.77,3.72
-9.4,9.27
9.21,-1.05
-1.25,3.82
-1.47,-4.12
5.95,-1.57
4.78,-9.66
4.89,8.32
3.05,5.87
7.87,-6.56
7.15,5.98
4.42,9.66
-0.74,-1.69
1.44,1.85
-6.75,-0.35
-1.74,-4.02
-8.61,7.47
-9.82,0.72
4.01,6.26
-7.75,7.28
0.91,-0.94
0.49,2.13
-5.17,-9.28
-7.4,-1.48
4.05,6.7
0.91,5.36
0.45,-4.76
7.16,8.47
8.24,-6.73
-6.86,-1.7
-5.56,-5.66
2.18,3.75
-7.17,-6.7
0.75,-8.23
5.17,-4
7.77,-0.43
1.29,8.85
-7.51,8.97
-4.12,5.97
-4.19,8.82
4.14,-4.06
2.12,-4.62
-7.81,2.95
1.34,4.29
-7.83,8.42
-0.99,-4.94
-0.03,0.95
5.99,-2.91
0.13,6.88
-0.72,7
-8.03,-0.05
-1.76,-9.27
-4.92,-9.34
-3.55,-7.92
9.53,4.52
-1.44,2.65
7.67,3.48
6.29,-4.05
-5.28,-9.46
3.35,6.44
-9.34,-3.3
-5.01,9.5
-6.84,0.35
-0.71,1.67
9.96,8.65
-0.07,-9.87
-9.19,7.95
1.87,2.59
-7.02,5.88
3.87,5.55
9.46,-9.7
-3.55,-0.87
1.05,-5.78
3.08,0.21
7.75,-3.52
7.85,9.5
5.7,-0.11
-6.67,-7.13
7.23,2.06
-3.6,-2.15
-4.03,2.12
1.15,-6.27
3.9,7.61
7.25,-5.57
-8.08,-7.87
-2.79,-1.1
-0.08,4.88
0.12,-3.04
5.91,-3.53
-2.5,-0.77
0.55,-2.32
-5.08,9.27
-2.78,6.19
-6.78,4.88
4.15,2.48
0.26,2.21
7.98,-1.26
4.05,-8.47
-3.82,-0.25
3.23,1.83
-7.07,-4.69
4.93,-1.68
-9.57,0.29
5.08,-8.11
-7.78,0.04
3.11,1.21
-1.46,7.13
-7.89,-0.45
0.85,1.08
-1.75,-5.6
3.53,0.57
0.81,9.14
6.59,3.64
-2.14,0.47
9.25,4.84
-5.06,-6.03
-8.04,-3.82
4.07,-5.01
6.01,-2.06
8.25,8.23
1.06,-4.8
-3.02,-6.1
8.65,2.69
1.41,8.33
1.97,4.92
2.6,0.17
1.33,7.66
2.44,0.84
-6.11,1.16
-4.43,0.52
-3.11,9.21
5.38,-3.52
0.8,-1.33
-2.99,0.98
-3.92,-9.33
-2.98,-8.28
1.32,0.78
-7.29,0.54
-0.1,4.82
-4.32,-9.89
-3.51,-0.16
-2.66,4.34
6.45,-0.99
7.23,0.3
-9.21,9.56
-4.37,-1.36
5.98,-3.06
-2.94,2.57
-7.8,-4.87
2.69,4.19
8.52,9.5
-4.59,2.84
3.25,-5.2
-0.66,-7.47
7.15,-8.14
-7.85,-3.45
8.53,7.42
-4.96,-5.61
0.24,-5.51
-9.44,8.48
-0.52,4.6
-3.98,-3.34
-7.65,0.4
4.46,-1.48
-3.76,-6.71
-1.76,-9.03
-2.19,8.91
5.31,1.87
7.52,-4.58
1.16,-5.7
1.76,9.91
6.02,-3.09
-2.85,8.57
5.72,5.16
7.99,-1.38
-1.86,-1.07
-6.36,-2.68
8.2,-4.59
-2.71,9.5
3.27,-0.48
-3.04,-2.9
3.09,4.16
4.81,4.22
7.81,-2.59
9.85,-4.56
6.66,-1.29
0.94,-3.24
3.98,-1.26
-0.74,3.09
-9.44,-9.69
-2.95,-2.21
7.69,-2.83
4.77,-4.88
-9.38,-1.6
-3.12,-4.6
4.1,-8.91
3.11,5.33
5.89,-0.32
-1.95,-9.17
3.61,-5.18
-9.07,-8.79
-3.62,4.65
3.02,-2.68
-1.12,-5.32
3.12,5.21
-7.61,-9.09
-9.94,-7.97
-1.73,0.77
-6.84,-9.44
5.4,6.15
-4.79,-3.78
0.29,6.41
-5.8,-4.84
2.24,3.1
3.66,4.76
6.6,-6.29
-6.32,5.55
7.68,-6.04
8.69,4.53
-0.63,-2.8
-2.73,6.12
-2.43,-9.2
-4.65,1.56
-7.87,5.96
-1.51,4.83
-7.17,3.29
0.05,-4.05
-0.39,-4.74
2.31,7.71
4.35,6.99
2.23,7.82
-1.03,2.86
9.28,6.39
-3.99,9.46
9.45,6.56
6.76,6.37
0.53,0.28
6.13,0.74
1.19,7
-4.74,6.22
-5.48,-2.74
-6.75,1.23
-2.61,6.92
2.46,0.8
5.17,0.25
-5.33,-2.73
-0.41,-6.13
8.73,-8.58
-2.68,-6.36
4.98,-6.69
1.65,-8.04
-0.14,9.15
4.62,7.43
4.91,0.94
-2.23,5.35
-1.91,2.89
0.5,7.36
8.08,8.86
4.77,-9.61
-5.07,7.48
-6.66,-4.68
-7.62,-9.22
-0.56,-1.34
3.88,7.06
-5.06,5.94
-3.67,-8.88
5.34,9.79
-5.44,-6.05
-1.15,4.39
8.5,-1.56
5.8,9.32
0.7,-8.01
-8.69,-8.18
6.35,6.4
-4.92,7.74
0.44,-5.11
-0.78,-1.64
8.64,4.19
2.14,-4.85
1.74,-2.92
6.37,1.39
-7.51,4.46
-4.38,-5.36
6.78,-3.71
2.46,-7.88
6,-0.41
9.54,-9.24
-8.74,-7.71
2.54,-5.25
-8.82,9.75
-4.12,-2.32
4.26,9.52
9.19,-2.26
-2.49,6.62
-6.28,2.68
-5.88,-6.34
2.55,-8.58
3.73,6.91
3.54,3.3
7.19,-2.79
-1.63,-0.9
6.53,5.64
-4.87,0.58
-1.34,-9.87
1.72,-7.91
5.67,9.06
3.97,0.47
1.28,-7.2
9.85,4.89
7.03,2.47
-6.47,-3.57
-8.15,-0.34
-0.6,-1.9
-5.12,2.86
-1.09,-9.09
-1.37,2.15
1.53,-1.64
5.13,-5.2
-5.45,3.9
-2.94,7.72
4.22,2.19
-7.9,-3.96
9.03,0.2
-9.36,2.34
-7.15,-6.35
-2.55,-5.01
-5.91,-7.35
-4.85,-1.91
1.81,-2.53
1.42,4.17
9.35,-3.76
4.97,-7.85
8.4,0.36
9.83,-4.49
-2.22,-5.49
-1.04,6.85
0,6.31
9.06,-4.47
-5.03,7.94
4.54,-8.75
3.68,4.57
-4.75,4.91
-0.45,1.07
9.82,-7.93
4.11,-2.38
-5.57,-0.26
1.75,1.51
-6.84,-3.93
-1.61,1.27
9.21,0.04
6.85,-1.66
-9.98,-9.7
-0.43,1.56
9.46,-6.78
2.05,-2.82
7.49,4.16
2.75,3.82
-8.38,-4.35
-3.31,-7.53
1.36,6.22
8.9,-2.16
-7.29,-1.85
-9.72,-1.47
8.26,-3.86
2,2.86
-0.83,-9.02
1.19,-7.88
6.45,-2.14
-5.26,5.56
-6.93,-8.12
7.23,-2.24
-3.55,2.3
8.6,4.54
-9.34,-6.41
-6.35,-7.21
-9.15,-3.36
3.05,6.38
-5.16,-0.36
-9.03,-4.25
-3.86,-7.26
7.91,3.04
6.7,-2.31
9.26,1.87
-4.22,-6.86
-1.69,7.37
2.82,-2.89
3.15,-9.54
-2.03,-1.93
-7.56,0.02
-9.33,3.27
-4.13,-0.75
7.3,-9.93
8.57,-7.18
5.04,4.23
-2.63,8.38
-3.04,9.1
1.44,0.22
2.46,-2.02
-4.82,4.91
7.96,-8.6
1.58,5.22
8.56,6.83
-9.4,-1.63
7.13,-4.55
-0.32,3.84
-6.25,-6.33
-0.91,6.17
3.19,-3.83
-9.01,-5.45
8.28,3.29
-2.82,1.52
7.8,-3.6
-6.83,2.46
7.91,-2.08
-4.26,9.97
9.69,-9.44
2.65,7.31
-5,-3.56
0.02,7.8
-8.53,6.79
7.37,2.37
0.49,-4.24
-4.56,-3.49
2.88,8.67
-7.81,-2.63
3.11,-7.26
-4.13,-3.22
-2.49,1.38
1.87,-2.94
-0.58,0.48
6.79,1.8
-4.21,4.88
4,3.41
-3.76,-9.34
-8.6,2.89
3.06,-8.1
-4.54,-0.33
9.07,-7.25
5.28,-1.99
9.06,5.39
-0.57,3.52
0.03,7.78
5.44,7.13
7.87,9.98
7.13,-9.69
9.25,5.05
4.85,7.15
8.73,-3.17
5.05,8.9
-5.34,-9.92
4.84,-9.73
-0.88,4.37
-5.08,7.02
-7.04,-2.22
-8.63,-8.59
-2.53,-1.77
-8.58,-0.73
-8.38,1.87
-9.51,1.27
8.44,-2.08
-6.46,-5.45
8.45,-3.97
0.54,0.86
-0.53,5.24
-9.5,7.43
8.31,-5.68
-4.86,4.72
-2.65,-0.31
2.03,6.85
-4.47,-9.29
3.33,2.87
-2.74,5.57
-9.93,2.59
-4.58,4.4
3.51,9.86
-2.21,1.88
9.16,8.85
-8.98,0.44
0.12,-9.53
4.59,0.6
3.81,8.05
9.1,7.16
-6.14,8.96
-8.91,-2.44
6,3.99
4.13,-7.19
3.08,-8.24
7.76,3.6
-0.5,-3.29
1.13,6.69
3.68,4.47
8.64,3.32
-4.08,-7.04
-7.86,-1.43
8.47,5.19
3.99,0.85
8.32,8.77
-8.28,5.55
-7.8,-0.77
9.59,0.15
-8.22,-5.15
2.1,-8.55
6.59,-7.55
0.45,1.62
-7.09,6.05
3.13,-4.67
-5.47,9.3
-9.14,0.72
4.36,9.5
-4.18,-8.81
4.73,7.47
-6.58,0.11
-4.39,8.69
7.39,6.21
-1.91,2.2
-7.52,-8.45
3.89,-3.43
1.5,6.28
0.13,0.68
0.06,-6.69
0.47,7.93
-3.7,6.42
3.73,-4.36
-8.03,5.21
-6.24,-7.96
7.87,-2.3
6.85,-1.05
-2.52,-4.46
-3.96,-6.61
7.96,3.66
-0.86,-9.12
1.16,9.16
9.81,-8.02
0.69,-0.55
7.03,-1.68
9.26,-1.86
-7.58,5.61
-7.35,-2.09
-2.11,-9.03
2.87,8.39
-9.92,9.81
6.73,-2.54
-7.24,5.07
-5.28,-8.25
2.4,4.55
4.07,-8.97
-1.21,-0.09
8.94,2.68
8.99,-4.25
-3.97,2.51
2.62,-7.83
8.67,-4.29
9.36,-0.71
-2.53,6.5
-9.86,-6.37
8.52,1.43
5.04,4.89
-4.07,0.2
6.44,-0.02
-3.38,-1.21
-4.73,1.74
-8.29,-3.62
8.88,3.94
-3.32,-7.34
4.3,-7.9
-2.58,0.89
-3.6,-0.35
-6.82,5.8
2.06,0.27
-9.48,-6.16
1.82,2.68
7.73,-4.41
-5.66,-1.18
2.96,2.51
9.16,-2.55
-4.59,-8.77
-9.43,-7.34
9.83,8.17
8.17,-9.72
3.53,5.98
-7.56,7.9
4.16,1.26
4.46,6.7
9.35,-8.77
-4.98,0.51
-6.37,-7.05
-1.18,7.35
0.8,5.33
-3.67,9.63
-6.26,3.6
6.48,2.36
-6.76,0.56
0.43,5.86
3.39,-5.78
0.85,9.21
-4.35,-6.01
-0.13,1.13
-3.05,-7.1
-7.55,4.23
-2.06,3.47
-9.17,-3.22
-0.38,-5.99
-9.03,-5.74
1.67,5.01
-2.26,-6.12
-4.45,3.32
8.38,-7.89
-2.65,-9.16
-9.97,-5.91
-0.03,-8.72
8.47,-5.01
9.76,-3.77
1.01,-6.16
-5.26,6.94
6.86,4.94
3.38,3.89
-4.7,-2.42
-5.77,6.62
-3.85,-8.26
-9.6,4.36
-4.93,-5.39
9.57,-4.02
-8.02,-4.63
-2.36,4.44
8.48,-0.1
0.93,-0.74
7.65,-3.99
9.06,8.33
-1.64,-3.01
-8.58,-9.02
-7.41,-6.03
-3.1,7.84
5.54,4.55
0.47,8.24
-4.53,-6.86
7.62,0.66
-6.42,6.8
1.31,5
6.67,-4.13
6.29,-5.82
-4,-7.56
-3.95,-1.12
-7.47,0.03
-4,-9.27
7.28,-3.98
-9.41,-4.41
2.57,0.6
-1.88,-9.84
1.68,0.14
7.42,-5.02
-6.05,-6.56
-1.49,9.91
-7.47,-3.52
-2.53,1.88
-0.78,-7.72
-8.38,1.97
-0.75,-2.29
-3.03,-7.52
-5.58,3.5
4.18,-6.18
-4.07,-0.76
5.79,6.22
2.23,0.76
-6.29,-1.51
-2.78,9.89
-8.49,-3.09
4.3,-8.68
-4.62,6.52
2.94,7.63
6.34,-7.11
-8.23,-0.11
-6.22,-9.74
4.74,-6.91
-7.58,2.34
9.77,9.92
9.3,4.66
-3.36,-3.04
4.49,-7.22
-0.31,5.58
3,0.08
-8.14,-4.65
8.92,-4.65
-3.86,-3.55
-3.54,5.43
3.78,-4.45
-8.84,8.78
0.16,8.24
-3.1,-9.1
-5.37,7.9
7.82,-9.9
-4.42,9.81
0.71,-1.11
-0.59,-9.18
5.03,-0.16
7.9,-4.95
3.17,-1.44
-3.28,6.96
-8.53,7.4
5.07,-2.61
8.9,1.47
-9.37,-5.83
-2.97,9.61
-7.38,-6.04
-8.99,-2.99
-7.03,-9.53
-3.56,0.44
-8.79,0.56
-6.33,-3.54
8.72,-2.76
1.76,-1.43
-1.44,4.35
-6.99,-0.21
4.95,-8.71
8.15,5.69
-4.36,-8.97
4.5,-6.4
8.01,9.07
-0.01,-5.95
0.64,4.5
3.53,1.74
6.81,-5
-0.12,-3.67
5.61,-5.85
-9.58,4.14
-7.73,7.14
9.73,-8.55
1.66,-4.62
-4.64,-6.87
-5.11,-5.42
-0.18,-1.01
2.81,0.73
4.87,5.33
-7.88,-9.15
5.16,-3.32
-8.97,-0.98
-7.19,-0.6
-3.77,-6.88
1.06,-2.94
3.38,-9.7
-8.53,-9.2
-9.01,-1.93
-2.7,-0.36
-4.33,-8.86
5.83,-5.55
-9.68,-8.5
5.18,2.14
-6.53,5.98
-9.72,-4.02
4.69,1.61
-4.04,9.54
8.38,2.18
1.05,-5.9
-0.54,-5.13
5.9,-4.79
1.69,-9.28
2.66,7.06
0.39,-5.01
9.82,-7.19
5.51,-5.25
-1.29,6.58
5.17,2.31
4.08,-1.05
9.2,4.34
6.98,8.65
-9.1,-9.68
1.63,3.42
-1.2,-4.54
5.23,9.87
1.16,-7.61
-2.06,0.7
5.9,5.09
-9.76,-1.08
-6.72,5.57
0.84,-9.9
5.15,-7.09
6.14,2.42
7.18,7.09
6.94,-2.54
-9.35,-1.49
-9.04,2.38
2.29,6.87
4.33,-8.59
3.58,-6.37
7.12,0.71
8.38,7.2
-0.69,-1.68
3.55,-4.52
2.75,1.18
8.51,-0.19
5.74,-7.63
-0.57,3.08
-5.29,-8.11
-8.49,1.2
2.63,-7.48
9.07,8.06
3.09,-0.96
1.09,9.05
-0.24,-9.48
0.01,3.3
7.85,-9.01
5.74,-6.28
7.79,-7.78
-0.08,-6.36
-5.9,0.85
-3,2.4
-3.73,7.58
-0.22,4.85
-4.24,-1.21
1.88,6.05
2.25,-1.5
4.16,2.2
1.7,-5.49
4.04,-2.92
2.42,1.43
7.94,1.36
-7,-8.15
-7.85,-5.28
9.36,-7.46
-5.55,6.46
2.91,2.09
-9.61,-3.92
9.13,-6.05
-6.38,0.19
-5.91,-5.02
6.78,-2.08
-4.37,0.42
-4.17,7.32
7.62,-3.42
3.38,-7.04
8.73,-0.82
9.35,9.54
7.42,0.93
-3.62,9.1
7.07,3.94
-1.63,-6.88
-1.62,8.55
9.41,9.19
-1.44,-3.39
-9.56,3.49
-9.63,-6.29
0.67,1.52
3.28,0.65
-7.64,-2.41
-6.43,3.4
-5.14,4.95
3.37,-6.85
2.41,-6.97
-6.26,-1.9
-4.39,-4.69
5.39,-6.85
-1.08,9.4
3.92,-8.35
-9.33,3.68
-9.4,3.26
-4.47,-7.47
8.74,-6.51
-8.31,-3.56
-9.08,-6.31
5.84,3.91
3.07,1.08
3.01,-5.79
0.37,9.63
-9.39,3.91
7.3,-9.05
-0.62,-3.78
-4.72,5.64
5.6,5.98
4.19,-2.12
7.7,1.87
2.87,-0.64
2.95,-3.35
6.08,-4.7
-1.54,2.98
-6.33,-3.53
8.85,4.43
4.76,-8.15
-2.49,6.25
-2.48,4.3
-5.18,-2.02
2.65,-8.46
-0.05,8.85
8.36,-7.61
6.56,0.76
-8.63,-9.63
1.9,5.15
-8.82,3.5
-7.63,5.22
-8.5,-6.64
4.4,7.98
8.26,2.71
-3.26,-4.14
9.39,1.61
-8.36,-7.45
-6.08,-5.08
-0.4,3.21
-9.51,-2.22
-9.52,9.58
-8.73,-7.27
3.83,1.76
-8.15,-0.81
-9.87,-2.62
-3.94,-0.14
-3.76,8.16
3.32,-0.27
6.29,5.48
9.69,-9.03
-9.12,-4.02
9.3,-7.91
-8.95,-2.84
-8.13,6.39
-8.37,-5.91
5.51,-1.04
-7.96,-0.23
-7.48,7.82
-9.82,1.61
4.03,9.01
1.15,9.92
-0.57,-2.85
-4.46,-5.08
4.63,-1.7
-7.96,3.6
-0.41,-2.18
-8.58,3
-4.14,2.33
4.16,-1.11
-3.45,-1.17
1.87,-3.69
3.49,-5.04
8.12,6.88
8.99,2.86
7.38,4.84
6.26,-6.29
7.09,4.27
0.89,-9.66
-8.09,8.68
8.95,-1.41
9.81,-6.98
0.85,0.3
3.6,-4.78
3.69,-3.01
-7.92,-9.5
-8.45,-6.42
4.73,5.92
-0.32,8.99
-3.15,7.86
-3.84,-7.99
2.34,-6.06
1.26,7.2
-8.19,-2.17
0.82,-6.46
-7.08,-0.62
-1.44,7.18
-1.73,-9.13
-7.38,3.77
-8.7,-0.15
8.7,-5.06
-3.08,-10
2.89,9.97
1.06,4.15
-0.94,5.4
-7.9,-6.89
0.28,-8.12
-8.63,3.72
5.75,8.5
2.51,-1.56
9.17,-0.84
-2.65,5.42
8.19,4.55
0.32,-4.3
2.75,1.56
-0.27,-1.29
-0.49,0.74
3.34,-6.95
-7.66,6.88
-5.02,-2.74
-7.86,7.23
0.49,9.75
8.86,7.91
6.08,4.35
-9.71,-4.18
-4.23,-9.02
-4.46,3.78
6.05,-4.96
1.02,-1.44
0.6,2.72
-8.27,-8.73
7.55,6.36
-1.66,-2.35
8.18,3.51
-8.2,7.22
-9.87,8.14
2.01,-5
4.71,3.91
4.82,-0.03
-1.13,-0.58
-9.44,-8.36
-9.62,2.72
-4.77,-7.65
-1.94,-7.8
-5.42,-5.83
8.61,7.39
1.9,3.4
2.24,-3.8
-1.24,9.45
-7.19,7.12
-6.6,9.9
-2.99,3.97
1.89,-7.71
-8.9,-3.3
5.49,0.47
-1.32,-6.61
4.08,2.31
-1.95,-6.81
-5.24,-8.82
3.27,-3.55
-0.62,8.58
2.36,6.77
5.42,2.68
-7.43,7.73
3.72,-4.46
-9.85,-9.07
-1.43,-9.21
7.32,2.75
-3.17,1.93
-2.55,4.14
6.26,-9.79
2.45,3.24
2.3,4.23
7.1,9.22
9.39,9.25
9.86,-5.22
-8.55,6.71
2.01,5.19
-6.81,2.78
3.45,-1.84
1.24,0.9
4.18,-9.78
5.36,-3.25
0.79,6.91
-8.14,6.85
4.97,1.64
2.78,-5.53
9.81,-3.45
3.44,7.99
-4.28,-6.53
-8.42,5.82
3.12,-0.26
2.15,-9.49
6.19,-8.12
-9.18,-0.6
1.19,-6.8
-7.79,2.75
4.18,-6.88
2.8,4.35
6.48,-5.3
9.41,-8.65
-8.34,2.2
-8.88,6.92
0.45,-7.3
1.47,8.82
-8.08,9.02
3.34,-5.38
6.24,0.49
0.34,3.44
-4.79,-4.92
1.18,4.24
-9.16,-5.81
-1.13,-2.76
5.37,-3.08
-5.02,-2.28
4.21,6.53
-3.44,-0.75
9.7,0.23
5.65,-1.46
8.03,-7.49
-4.29,2.59
7.71,-8.28
9.47,4.74
-1.56,-3.17
9.99,-9.96
-7.02,-2.09
-5.9,0.8
-6.42,-6.83
-0.21,3.75
6.7,-9.56
9.18,3.05
2.38,4.27
9.63,2.38
-5.26,2.81
-5.85,7.07
8.43,1.19
-0.38,-6.97
2.16,-5.57
2.36,-8.8
7.79,-1.59
-9.46,3.65
5.38,1.99
-4.55,3.68
3.06,-4.21
2.88,7.81
-9.02,9.96
8.91,2.18
-5.92,9.27
-6.02,-7.15
2.89,-0.61
-6.63,8.13
-7.66,-9.51
-4.4,-6.34
6.98,-0.07
7.09,6.33
-10,-5.26
-8.28,4.42
0.96,8.83
-8.21,-3.89
3.89,8.58
6.77,9.58
-9.78,8.97
4.63,-1.52
5.9,-8.79
4.01,-9.68
3.57,6.27
1.59,8.63
5.51,-4.07
-5.24,4.94
6.94,-9.22
5.83,-7.06
5.69,0.84
-0.15,2.8
2.76,-1.33
-4.69,1.06
-6.16,4.48
-9.71,-7.62
-0.28,4.63
6.43,-2
-1.2,2.56
1.2,-8.97
-2.92,-8.51
4.63,0.66
-7.05,6.69
-6.59,6.52
8.95,3.93
0.51,3.92
-2.54,6.8
6.87,-1.51
8.43,-3.24
0.58,-4.6
8.6,0.19
5.68,4.23
1.69,0
6.48,3.24
-8.08,7.09
5.76,-8.72
-4.76,2.25
-4.01,0.95
-2.67,-1.34
9.45,4.79
6.61,7.36
-4.07,7.26
-7,7.49
7.53,-5.36
-2.01,-8.68
-9.34,-4.63
3.71,0.05
-7.86,-6.16
-1.27,3.37
-2.07,-3.78
0.32,8.2
0.57,-2.25
4.83,6.68
-9.01,-2.08
-1.37,-2.69
-9.96,-8.5
-7.72,-5.61
-1.33,-4.51
4.56,-3.1
-2.75,-2.05
0.9,-3.64
1.62,-8.17
-1.1,-7.71
-0.17,2.84
4.35,9.95
-3.12,2.17
-9.09,2.74
3.42,8.21
7.77,-8.16
0.97,1.84
9.21,-5.97
-9.76,7.11
-7.43,-2.35
7.76,4.16
-3.93,8.46
-5.37,1.49
-7.45,3.85
-9.09,5.62
-6.46,5.25
-4.25,9.22
-6.58,9.56
-2.43,-9.03
8.9,4.33
4.66,0.4
5.78,2.72
-4.19,-7.79
-1.01,3.59
-2.03,4.89
9.95,6.75
2.29,1.43
1.66,2.28
-6.91,-4.1
-8.51,6.86
-4.19,-6.47
-5.16,4.55
-8.34,8.54
-9.68,3.65
2.11,6.01
-0.68,4.53
-5.1,-1.15
-5.06,3.84
-8.79,5.17
-8.35,-4.85
-2.15,-1.41
5.32,-7.14
-0.51,-3.27
7.08,-8.29
-6.09,5.79
7.25,-4.44
-2.9,8.46
-2.09,-7.8
-1.18,-3.42
6.76,0.36
3.47,-6.52
-9.77,1.05
-3.24,-7.52
6.49,-3.17
-6.4,4.54
5.81,-4.94
0.78,-0.77
-1.22,-7.9
-4.93,8.62
-3.77,-1.32
0.81,-0.11
-7.93,7.06
9.86,-6.73
-4.41,2.8
6.58,9.05
-6.12,9.86
-4.7,-3.41
3.04,-9.58
-5.26,3.35
-8.26,9.38
9.7,6.68
3.03,3.57
6.05,-0.35
6.28,5.89
9.16,2.97
4.53,5.27
-9.68,-2.09
-8.12,3.89
5.4,2.02
8.29,1.06
-5.68,9.26
1.41,-0.2
9.37,9.9
9.06,-4.17
-3.54,-8.16
-4.42,6.85
3.01,5.24
-6,-7.36
-5.33,-5.82
-8.68,6.15
-2.55,-1.84
9.66,-8.59
7.94,4.16
-2.76,-2.34
1.48,8.67
5.54,0.16
-3.01,-5.69
-4.4,-2.08
-3.64,5.32
-3.15,5.66
-9.46,6.84
5.02,-3.06
-3.27,-9.17
9.03,-2.13
9.11,6.71
-1.38,5.51
6.17,-3.76
-5.38,5.56
4.76,9.57
4.03,8.75
-2.24,7.87
7.12,-1.55
3.86,-6.46
-7.98,-4.99
-6.27,0.31
2.71,-6.29
-3.25,3.96
0.67,-0.78
-3.54,0.51
6.91,-1.71
-8.73,0.95
3.68,2.58
-0.87,-5.03
5.81,-1.6
-3.65,-2.03
-0.08,8.88
-3.54,-0.29
2.83,2.33
-4.79,-0.45
7.05,-6.45
4.68,-0.83
7.01,1.62
-8.9,-8.81
9.93,7.92
-9.08,5.14
5.84,-1.59
-4.8,1.61
7.08,-7.26
0.67,-4.9
-6.96,-9.64
-1.72,-9.88
-3.67,-8.6
-3.61,6.08
5.61,9.82
-7.69,-9.5
-2.68,-2.35
-5.83,4.16
-1.51,2.63
2.14,-9.4
4.02,8.02
7.44,-9.82
0.91,7.2
7.63,-8.97
-3.24,-4.38
-8.27,2.37
-2.09,-6.25
-9.29,6.6
-9.71,-0.41
0.99,-9.39
3.13,-7.13
8.37,-3.69
-6.22,0.39
4.71,-5.16
-7.86,-1.59
-1.13,8.9
0.7,-5.98
-7.48,-9.21
9.24,-2.56
9.52,1.95
0.27,-4.64
3.4,-0.22
7.79,-7.09
5.59,2.3
-4.96,5.93
3.26,4.94
4.13,-9.81
-3.06,5.01
-8.93,5.62
2.36,2
6.75,0.95
-2.4,-3.85
6.31,-1.79
2.71,7.08
7.17,8.57
-8,6.97
-1.96,3.74
-1.94,1.97
-5.17,-8.71
-4.06,9.12
-0.85,2.85
8.48,-6.91
4.43,1.01
4.88,5.76
4.84,9.83
-0.22,-0.03
-9.5,-7.92
-4.57,9.71
-2.54,-3.49
-6.5,-2.97
-1.34,-1.82
-7.89,-8.97
-6.17,6.6
-8.45,1.53
-4.77,-0.1
-6.67,-7.84
6.86,7.98
7.07,-4.72
-9.93,-5.5
7.41,4.7
-5.98,3.13
-6.29,0.66
-9.74,-4.12
-3.29,-9.05
-0.17,-0.66
4.41,-4.46
-7.6,-9.86
3.09,5.61
7.7,1.95
-5.37,-1.45
5.53,-0.35
-5.93,-3.77
-9.32,-7.3
6.61,7.4
5.05,-0.63
-6.08,-0.05
9.63,0.61
-3.34,-0.37
-0.03,-5.57
3.23,-4.49
-7.35,-0.33
-5.73,-0.26
7.94,1.71
-6.5,-1.86
6.27,1.07
-3.07,1.89
2.28,-7.32
6.84,7.59
-4.86,4.1
9.15,-7.97
-2.14,3.33
-3.4,-7.11
-3.95,9.16
0.22,-1.06
0.02,9.17
-0.71,5.36
-5.47,7.8
1.91,9.89
-2.31,2.3
-8.79,7.31
-4.6,-2.07
5.22,6.35
-2.5,-1.59
-3.75,-1.99
9.89,9.29
2.87,-6.85
-0.22,4.27
-7.17,7.05
4.11,9.14
-2.51,-3.46
4,3.3
2.14,4.07
-0.99,-6.81
8.1,-5.57
4.1,-6.4
-5.33,0.01
7.52,4.04
5.72,-9.43
5.99,-6.44
-3.07,6.55
2.81,3.43
-8.39,-5.82
-0.94,-4.95
6.88,9.86
-5.84,-3.83
-6.55,-4.58
1.19,-7.47
3.75,5.21
3.6,2.72
8.32,-6.47
-7.23,9.67
9.21,8.35
3.36,-7.54
-8.48,-2.01
-6.24,-5.32
-8.73,7.67
9.95,-4.42
6.97,-3.36
-4.44,-4.64
-3.05,1.77
0.96,3.18
1.2,-0.35
8.47,-6.74
9.08,-2.74
4.24,7.26
-3.97,-9.29
-5.99,8.32
-6.31,-3.55
5.77,-7.05
1.1,-5.53
-5.73,-2.08
-8.28,-3.37
0.44,7.59
2.11,-7.8
4.89,-2.34
2.53,-2.87
-5.54,-2.36
-2.71,5.17
-4.9,-2.04
2.17,9.97
3.8,-1.6
4.11,-2.53
4.02,3.36
5.33,-9.86
-4.53,6.32
7.05,-2.78
0.55,9.08
5.95,8.18
-6.19,-1.88
-0.88,-0.7
-8.49,2.1
6.67,-5.58
-2.77,6.72
-6.34,-7.22
4.06,-0.16
-2.96,8.87
-8.47,-8.66
-2.17,9.97
-0.91,-7.95
-2.81,-3.32
