9.56,3.46
-8.72,3.73
-6.66,6.6
-0.39,8.19
7.47,2.81
-1.91,-2.98
-5.75,-9.2
-1.91,9.33
1.58,-6.3
-9.79,-7.72
-9.06,3.06
-0.88,6.27
-9.2,-7.03
-3.91,9.72
-9.99,8.11
2.79,0.54
-2.71,-4.81
5.56,5.71
-2.19,-1.51
3.26,-1.43
7.7,3.32
2.42,-3.12
2.61,7.71
1.63,-0.11
-0.31,3.74
3.84,-4.96
-6.15,-3.89
-2.23,7.22
-1.34,-9.28
4.31,2.65
9.1,1.96
-6.23,-3.9
1.35,6.22
-3.93,-2.62
9.91,6.86
7.08,-5.26
9.96,-8.78
7.64,6.93
6.58,2.23
-0.21,6.78
1.69,10
-7.15,8.56
-2.71,6.76
4.37,-7.05
0.58,6.45
8.36,-8.98
-9.02,6
-7.04,-2.02
4.84,-1.43
-6.42,0.98
6.85,9.23
-8.45,-2.14
5.34,8.72
-5.42,-6.33
8.69,-8.86
8.03,-6.06
-1.5,-1.69
9.13,8.48
-8.39,-6.04
9.06,-6.12
4.99,-6.1
0.76,4.15
-8.08,4.26
-0.77,3.4
0.83,-2.12
0.42,8.68
-1.98,-6.83
2.53,1.31
2.21,-4.51
6.06,9.97
6.66,1.5
-0.94,-3.48
4.41,-3.44
4.18,4.1
9.94,-0.95
7.95,9.58
-0.62,-2.91
2.28,-9.04
3.49,6.73
-3.2,4.38
-7.77,5.31
-8.07,4.94
8.18,1.91
5.57,-3.65
-6.6,-4.81
-7.32,-2.77
-0.79,-6.42
8.98,8.12
2.24,-0.59
-9.31,7
4.91,8.79
-8.98,0.15
9.7,9.66
5.05,-4.45
-4.77,7.45
0.93,2.52
-0.23,7.43
4.81,0.34
3.39,-5.66
-5.48,9.46
-1.46,9.05
1.48,-8.09
7.87,1.96
-3.34,8.65
5.55,-4.27
-9.88,3.07
-0.86,7.46
-7.93,6.03
-2.66,6.1
9.96,9.49
-5.01,4.31
-5.9,-7.45
3.58,-7.89
4.98,7.34
6.89,6.96
2.56,-1.64
-8.45,-4.27
-7.84,-2.69
-0.62,5.4
-5.55,0.84
-8.94,8.19
-2.03,-5.64
-9.37,-9.12
-5.25,-8.58
-0.87,8.48
5.13,-7.03
-9.4,2.26
2.91,-2.88
-9.07,1.96
-6.63,2.71
-0.22,6.4
-4.98,2.63
-0.1,5.58
-3.66,-0.69
0.69,-7.71
-4.38,-7.99
5.78,1.63
7.07,2.45
9.06,2.04
2.07,5.83
-0.74,-0.63
-8.47,-6.32
-8.83,-1.95
-4.18,-9.58
9.79,2.08
9.19,-1.73
5.28,-5.97
-3.31,-2.67
1.42,3.54
2.58,-5.28
-0.54,-0.73
-4.89,-8.65
-8.99,-1.01
0.47,-7.41
6.81,-3.46
2.58,6.05
7.12,-8.47
1.93,9.16
-6.52,-3.75
4.84,3.81
3.15,-3.78
0.14,7.64
-7.66,-3.77
-3.03,-4.66
-4.61,3.02
-7.01,7.5
4.5,9.74
5.9,-2.79
2.8,4.29
-3.1,7.31
3.3,6.18
2.95,-1.97
-5.23,3.07
-9.76,1.29
-7.64,-2.7
-8.46,0.79
8.24,9.26
-5.77,9.26
8.57,-9.45
-3.92,-8.47
-2.24,4.07
5.97,-9.88
7.65,-8.09
-1.67,-5.42
-3.84,0.33
0.71,9.79
0.41,3.16
5.63,2.79
4.32,1.7
-3.96,-8.89
3.99,2.75
-7.44,-9.27
-3.95,-6.66
-9.42,5.9
0.12,0.79
-3.54,0.81
8.1,5.03
2.92,7.29
-8.41,-0.11
8.42,6.77
6.22,1.13
-0.74,5.6
-6.3,8.54
-4.59,-7.64
0.84,6.56
-1.71,-4.53
0.3,-4.31
0.27,6.56
2.92,0.62
-1.98,3.3
-6.62,-5.36
1.88,7.35
6.24,1.66
7.83,-7.24
1.22,6.86
-8.46,7.7
-0.96,-8.37
-5.78,3.73
3.35,-9.35
7.84,7.52
-6.92,7.75
3.43,7.41
2.51,-8.88
1.51,1.6
8.64,3.81
-7.94,0.45
2.16,-4.03
-5.77,-1.46
2.2,-0.87
4.81,1.98
7.95,-8.6
3.86,9.24
7.79,-1.16
-9.4,1.13
2.81,9.75
5.23,0.52
-5.33,4.46
7.68,-1.64
-4.71,-2.13
5.67,-2.48
-5.69,4.75
-7.73,-8.14
-4.63,-6.92
4.71,7.81
-9.79,-7.96
4.28,-7.39
2.33,3.49
6.92,-0.37
-0.22,4.9
-4.23,7.97
7.51,0.03
-2.65,-9.71
-5.19,-5.54
1.28,6.8
6.52,8.71
-1.51,-5.53
-1.63,6.75
8.72,5.01
-0.21,-2.68
0.29,0.9
-5.8,-5.03
-3.11,0.1
6.33,9.01
1.54,-3.44
-4.94,2.05
-2.45,6.23
7.6,3.73
4.13,-4.54
-4.01,7.34
-3.53,-6.32
1.76,-6.98
9.36,7.12
4.13,1.7
-4.13,-5.92
0.53,1.25
-6.14,-7.34
-8.89,-0.44
9.52,-8.68
9.48,3.96
-4.96,5.73
-8.65,-6.18
-7.99,-0.53
7.83,7.48
-8.53,-2.18
6.17,-0.18
2.31,-0.34
8.21,-3.8
-5.65,-7.88
2.9,-9.95
-7.7,2.72
-1.04,0.13
-6.98,-5.03
-5.17,4.25
3.93,-2.87
3.35,4.02
-6.33,9.59
-7.93,5.75
9.46,8.96
7.13,1.12
-5.17,8.97
6.99,0.62
6.93,4.88
3.99,3.19
4.84,0.56
-0.35,0.77
0.38,-9.33
-6.34,-8.28
-7.13,6.33
6.51,-1.89
-6.13,-0.98
4.44,-6.27
-0.38,-4.96
-8.46,-7.92
-0.55,-6.34
-7.89,-6.47
-1.15,-0.28
-7.63,4.7
-7.66,-7.48
8.63,-4.61
2.09,0.85
-2.91,4.55
4.4,5.96
-2.14,0.4
5.19,3.97
2.15,5.36
-6.86,-7.02
1,2.58
-5.56,8.09
-1.85,-6.16
3.28,-9.93
1.6,-2.28
-4.42,-2.47
-9.01,-6.39
2.95,1.01
-6.23,1.98
-0.06,-0.67
9.88,6.11
3.06,8.22
9.43,2.51
-8.43,3.94
-1.68,-3.98
-0.43,8.22
-7.98,-8.74
-1.38,6.21
8.12,-6.24
-4.36,3.36
9.84,-0.38
4.44,-6.95
-0.47,8.56
-0.2,7.54
3.12,-5.93
0.46,4.31
-3.55,-8.93
7.29,-8.36
-4.39,8.27
8.29,0.12
-5.35,-0.89
9.64,-6.05
7.27,-3.96
5.93,8.63
1.2,0.64
-1.5,7.9
7.72,8.67
-2.19,0.34
9.68,7.14
0.78,4.73
5.08,3.65
5.66,-1.9
5.13,9.28
-5.15,1.86
-0.85,-7.35
-3.07,-0.29
4.22,-9.94
-1.29,-8.08
2.4,6.44
-1.92,-9.87
-2.53,7.75
-2.51,-5.04
-6.46,-7.23
-7.06,4.33
-8.91,2.22
2.69,0.43
4.16,5.14
-7.9,-5.3
-4.95,-3.22
6.61,6.75
-9.54,7.93
6.83,2.68
-6.06,-4.98
5.77,-3.59
9.72,-8.92
7.73,-8.01
-0.6,-3.44
-8.94,-2.04
-3.98,-3.89
7.67,2.59
6.96,-2.99
8.32,2.95
-4.6,9.91
4.3,-2.83
8.82,3.23
-6.15,1.61
2.06,-1.77
4.34,-7.77
-6.93,7.34
9.08,5.57
-1.15,4.14
1.11,4.23
3.86,-6.97
-6.03,-2.07
-3.4,-8.97
0.45,9.83
9.88,7.94
-3.26,7.71
-7.78,-6.9
0.23,9.54
-8.94,-7.23
2.88,-2.27
7.39,9.31
-9.37,0.68
-8.36,6.84
6.65,2.3
0.25,0.75
-9.66,6.17
-7.27,0.94
7.65,-8.31
3.69,-4.89
-7.14,9.4
0.1,-2.95
-4.67,-5.32
8.46,-4.12
0.33,4.12
-8.96,0.48
6.54,-3.84
4.86,2.49
-4.13,3.42
1.08,1.1
9.74,-9.69
-6.75,-1.37
-3.35,-1.04
4.96,7.49
-9.37,-2.02
-9.54,5.8
-5.91,-0.3
1.53,-7.45
3.71,-5.85
5.24,1.15
3.36,-3
0.83,9.08
4.33,-0.41
8.43,-8.44
-1.17,-7.36
8.89,4.39
4.24,-8.68
-3.52,6.43
8.25,6.53
6.67,9.2
-2.73,-4.36
-4.45,6.58
2.97,-5.38
-2.63,-8.17
8.4,3.74
8.74,6.02
4.75,2.73
-8,5.62
9.3,1.74
9.54,-5.9
-8.91,-5.59
5.78,-7.67
-5.57,-0.93
1.3,-8.35
-7.02,-1.46
2.21,5.98
-2.03,6.79
-0.53,8.85
8.82,-2.93
2.79,8.04
-6.98,-3.5
-9.01,7.46
-3.08,4.06
-3.75,6.67
2.06,4.19
-5.03,0.84
8.03,-0.36
2.49,-1.21
-3.01,-4.02
7.92,6.54
-2.63,-9.41
0.98,-1.76
-5.83,8.88
-1.91,-7.1
7.31,5.93
-4.04,3.8
5.77,7.16
-4.24,6.7
-5.49,9.41
6.45,0.77
1.18,-9.16
6.73,-4.73
5.66,3.2
-3.7,-6.37
-9.28,-7.45
4.4,-0.26
4.43,-3.5
-0.66,-5.48
-9.57,-7.5
4.51,9.1
5,3.53
-9.86,5.8
-1.16,5.22
7.57,8.28
-2.29,-2.14
-5.56,0.01
-3.06,8.37
-5.9,4.84
-8.2,-9.53
-3.34,-2.9
-2.6,-3.24
9.34,-8.86
-0.66,-6.43
9.04,-4.46
1.89,-6.79
7.3,-7.21
3.84,-2.82
-8.95,-0.24
-2.88,-2.94
0.63,8.24
-7.46,2.5
-5.13,-4.93
0.9,0.39
7.02,0.73
-1.91,-0.07
7.46,0.48
0.25,9.34
-0.35,-0.13
0.53,-7.81
-5.47,-8.67
6.29,6.26
7.87,1.29
4.38,7.36
6.08,3.92
1.29,-3.84
6.19,-1.17
0.77,4.65
-6.73,-1.08
7.79,-5.66
-6.2,-8.4
-6.62,8.53
0.62,-4.26
-6.08,3.91
8.16,1.45
1.38,-0.67
-5.03,-5.21
3.24,-3.78
8.99,-7.32
-8.99,-3.96
-8.32,1.11
-6.21,5.96
-7.44,1.65
-8.77,9.63
2.67,-2.96
5.05,-9.56
3.81,-2.23
4.9,-4.52
-0.35,3.72
0.81,-7.29
2.13,-8.34
5.23,-9.29
-6.28,-8.24
7.1,-5.77
5.66,6.68
0.86,-7.81
-1.27,9.74
-0.35,-5.78
9.18,0
-3.96,0.05
0.53,-5.61
-8.68,7.01
1,-0.65
2.29,-9.79
-5.38,3.25
-5.04,-8.4
-1.18,5.81
-5.39,-0.15
-7.75,7.37
5.92,1.23
7.84,-7.88
-6.53,7.12
-8.99,6.91
-5.3,9.1
4.3,7.76
-1.19,-4.83
-3.79,-3.4
-3.02,-3.67
9.21,-6.53
2.03,3.94
-6.2,3.24
6.82,3.49
-0.94,-6.85
4.09,4.24
9.67,-6.42
-4.68,-7.28
-8.68,-7.24
-5.76,-6.15
-9.39,5.47
4.67,-7.2
-5,2.98
-5.63,-8.38
8.26,1.34
9.77,3.19
-0.29,-6.86
9.82,-7.34
4.4,-1.49
-1.73,9.39
6.74,3.25
-8.22,-7.12
6.62,1.97
7.15,-4.17
8.36,4.92
6.89,-5.81
-7.08,-8.3
1.4,-5.6
-5.22,6.52
4.69,-10
-4.04,7.31
1.13,7.23
-4.93,-8.01
6.58,-6.34
1.21,3.22
7.09,-0.34
-3.3,9.29
-0.89,-7.04
-3.96,0
9.49,8.84
2.55,-2.84
-0.29,-0.23
-9.72,-9.69
-9.29,-6.2
5.59,-7.24
2.35,9.68
-0.47,9.12
-0.71,-5.76
-3.32,-0.38
5.16,-5.24
-3.35,2.44
-5.52,-5.59
8.97,4.74
-4.16,5.25
4.02,-7.51
-7.19,-9.43
-4.39,7.72
-5.51,-1.48
8.52,-5.75
7.56,6.48
-6.04,-5.34
3.78,2.85
7.04,-6.25
3.37,-5.47
-6.28,3.46
1.34,-1
2.25,9.75
5.64,-4.2
-2.04,-9.8
0.52,6
0.4,-6.35
-4.6,3.2
-4.72,-6.66
9.77,6.27
-9.5,7.47
3.64,-9.88
-0.13,7.74
8.49,2.56
-1.21,9.86
5.26,7.33
-5.28,-9.42
2.14,-7.92
-8.5,-0.15
-2.74,2.29
-7.04,-2.56
8.85,6.15
-3.1,2.67
-9.35,-8.45
-4.83,6.6
7.31,2.71
-8.52,9.85
-7.99,-1.77
1.4,-8.94
-3.25,4.24
-4.53,-8.26
9.2,3.08
1.4,9.14
-7.12,4.1
-7.7,-7.77
2.7,-5.22
-4.36,4.87
1.88,-6.24
8.33,-5.59
0.79,0.86
-4.45,9.76
-3.98,0.68
7.22,-2.85
2.03,8.77
-7.53,8.61
-5.46,-6.3
1.02,2.35
7.86,3.76
-3.13,0.03
-5.62,-5.01
-7.37,2.25
2.33,-6.28
0.45,8.87
-0.12,-9.89
0.56,-8.79
5.83,0.75
9,-6.03
0.59,-5.41
-5.26,-6.8
3.95,7.98
-5.44,3.14
-7.01,-0.01
-3.62,7.7
8.48,-0.83
-2.69,-4.72
8.55,-4.93
9.64,3.66
-7.07,1.28
-1.97,0.23
6.71,3.69
-6.46,-8.04
-0.39,-1.26
-9.47,6.48
-7.72,2.06
-6.44,6.34
9.41,-9.53
-6.92,-5.12
-6.55,8.2
5.39,3.07
-6.34,1.99
-0.58,8.46
0.87,5.31
0.15,7.07
-9.76,9.25
3.59,5.06
6.2,7.07
-7.42,-4.36
4.95,5.39
-4.05,-2.72
5.09,7.46
-1.31,10
-2.72,-0.4
0.66,-8.88
-3.07,-8.21
-3.58,-1.65
-0.12,1.33
0.05,5.46
3.56,-4.08
5,-6.25
-6.31,-8.8
5.97,-0.64
-0.69,9.89
-8.54,9
2.01,-9.32
-4.43,-2.95
-0.35,0.25
1.99,-3.22
-3.59,7.93
-1.64,1.65
6.3,-1.53
1.37,-8.52
-8.9,-7.63
-6.82,1.69
2.1,-7.95
2.42,1.41
-5.69,-9.27
-9.31,-8.52
2.81,-2.93
-5.91,6.28
-9.76,-3.63
-3.31,2.94
-8.71,3.32
4.98,2.51
3.92,0.81
5.08,-2.27
-6.71,-5.8
-4.01,-6.08
-6.2,-9.92
-1.36,8.43
-0.86,7.59
-6.78,-4.13
1.98,-8.26
9.21,-6.24
-6.41,-7.38
-0.9,1.72
-0.38,-6.65
-4.92,8.41
0.75,6.36
-6.1,2.29
4,3.11
2.73,0.44
6.82,-9.74
9.36,-7.34
-3.99,0.24
1.82,0.23
-9.49,6.54
-3.22,3.56
-9.76,6.83
0.89,0.63
0.1,5.16
4.64,-0.14
-6.04,0.81
8.14,0.37
5.41,-4.25
-6.29,8.45
7.19,-1.5
1.15,-0.36
-5.54,0.02
-2.48,-6.44
9.34,9.04
-7.09,-9.21
5.78,2.05
-3,-3.45
-1.92,0.7
4.1,-4.92
-9.21,-5.55
1.34,0.83
2.2,2.54
-3.75,-2.88
-0.38,6.47
-0.15,4.04
9.31,0.6
6.31,-4.58
-0.99,-5.05
6.14,3.29
0.73,2.41
2.65,-6.2
-6.12,-9.11
-4.51,6.42
0.74,-0.41
2.99,0.85
5.65,8.67
1.43,-7.93
6.69,-0.22
2.69,6.83
9.05,6.86
3.32,-4.51
2.49,1.57
8.59,7.32
5.8,0.14
1.87,-0.14
9.52,9.46
9.94,-0.92
-1.78,3.88
-1.34,-1.85
-1.46,6.92
-5.29,7.1
-0.62,-9.88
-1.85,8.52
-3.28,-8.49
8.34,-2.33
-5.19,-6.3
-9.25,1.89
-8.99,8.33
5.52,1.16
-1.43,-4.81
-8.12,-7.18
5.79,-0.88
-5.24,4.61
-3.1,-4.07
7.44,5.94
0.86,-9.66
3.44,-9.33
-3.1,-4.03
-2.8,5.67
5.81,-2.56
-4.2,-0.85
-9.1,0.62
-8.47,5.8
-9.75,-2.2
-6.7,-6.75
-7.02,3.74
-2.13,-6.51
-9.98,2.41
0.97,-5.85
-4.08,-0.07
8.32,9.38
0.57,9.87
-6.62,0.48
-1.62,5.96
5.77,-5.76
-5.37,3.08
-3.63,4.28
8.17,-4.61
-4.16,6.45
7.28,5.34
-3.12,-7.32
-3.49,-1.94
-2.48,4.79
-9.03,-6.03
5.88,4.17
-4.61,4.73
4.55,7.41
9.53,0.4
-2.3,-0.79
-4.16,2.67
9.97,-1.47
6.24,-3.35
-1.37,8.23
-0.3,-5.28
2.51,-2.95
-5.33,2.16
0.58,-8.17
3.31,-3.3
-9.47,-1.6
2.68,-1.29
-4.01,9.45
-1.46,-5.15
3.16,0.01
-2.87,1.18
-1.75,-2.11
-0.11,-4.34
-8.95,-1.52
-5.2,-4.74
-0.39,5
-4.84,-8.03
8.75,-7.73
-7.45,-7.5
8.43,0.07
-9.14,-2.31
-6.19,7.53
-9.56,4.07
-0.47,-5.48
-2.12,3.9
7.94,0.08
0.07,8.18
0.88,9.13
-9.57,0.97
8.28,0.56
-4.43,-5.51
-9.1,3.95
0.85,-1.91
1.7,-2.67
-9.17,-6
9.86,1.97
9.93,-4.38
-5.09,-9.18
-3.36,3.36
7.36,-5.74
0.51,-0.24
1.67,3.69
6.99,-4.2
-7.79,2.65
2.81,-4.15
5.27,-1.33
7.87,-0.81
7.89,-4.17
4.7,-3.66
7.08,5.75
7.35,-2.57
-0.74,-5.82
8.58,-9.64
-0.6,7.47
-7.17,-7.9
2.5,-8.74
8.88,9.19
-0.38,-3.84
-7.2,-6.26
-7.25,8.85
5.85,-9.75
8.15,6.91
-1.83,-10
3.43,-2.78
7.29,7.78
2.63,7.34
-2.67,8.07
-6.46,-8.67
-7.58,-5.01
8.54,-0.56
-7.49,-7.02
9.82,3.89
-0.07,9.23
-1.61,7.94
7.63,-5.69
2.98,8.57
-4.27,8.97
8.72,-5.86
-7.66,-3.38
7.56,-5.19
0.82,-6.65
-9.16,1.23
-2.4,-5.6
-1.17,-8.67
-7.92,5.17
-4.38,6.53
1.33,8.69
3.73,-5.21
7.32,8.28
7.07,9.45
-9.19,-3.63
-9.41,7.86
-6.66,-5.44
-4.6,3.09
0.32,5.72
-1.1,5.71
-5.49,6.63
0.39,1.62
-3.57,9.24
-5.71,-2.26
1.74,-2.2
-8.68,-0.87
-2.62,-1.07
-9.5,8.87
-6.88,6.83
-9.23,1.01
-6.12,-4.79
-1.62,1.65
-3.76,7.42
3.07,4.69
6.76,-6.15
7.91,2.77
-3.49,-7.1
-4.17,-9.37
-8.06,-9.06
6.66,-4.01
2.24,-4.51
7.41,7.48
-8.99,-2.71
-7.46,9.33
8.02,-9.15
-5.29,6.74
6.93,10
2.75,2.84
-8.61,-3.25
-1.41,8.84
-0.03,-5.51
6.74,4.87
-0.3,-8.72
0.32,-5.33
-1.53,-5.96
5.31,4.11
-5.45,-8.59
-9.6,-3.73
5.89,-2.23
1.68,-2.78
-0.59,3.22
1.9,1.79
-8.68,-0.48
9.01,7.22
2.59,-9.77
5.66,5.6
3.2,-5.92
1.95,-8.07
-2.84,-7.72
0.47,-6.03
5.34,-2.63
1.4,7.14
9.76,4.91
-7.97,-9.4
4.47,-2.04
-2.21,-6.86
-5.04,6.61
9.3,6.01
6.24,-7.9
-5.41,-3.06
2.56,-0.49
7.61,5.21
8.65,7.14
3.71,5.97
-3.16,9.1
-10,4.83
2.47,-0.48
4.66,-8.7
-5.26,5.93
-5.55,-6.94
-5.45,-9.47
-3.59,5.15
-1.82,3.12
-1.25,5.49
0.97,-9.71
2.98,6.51
-5.23,4.28
5.71,-5.13
9.08,1.69
-6.95,6.18
-1.09,1.55
-4.1,4.57
-3.35,8.48
-5.92,-9.73
6,-4.71
9.9,-4.34
-7.6,6.19
-5.7,2.36
7.1,1.17
0.98,9.71
0.87,-2.44
5.63,-3.39
-5.62,4.72
-4.83,-0.94
9.65,9.88
4.43,5
0.11,0.92
4.44,-6.62
0.35,7.16
0.41,3.07
4.48,-5.8
-0.15,-8.12
-8.8,6.16
5.21,-2.88
-7.5,-5.53
1.79,7.83
-0.54,8.1
0.94,-2.37
-9.16,-3.5
6.02,2.85
0.54,1.08
5.97,1.04
-1.13,6.99
5.32,5.89
-2.99,-9.77
8.68,-2.58
6.82,5.08
-9.65,9.36
5.49,-2.02
2.4,-1.62
-9.01,-5.78
3.24,-0.8
1.06,-7.14
7.78,-5.91
-8.07,3.2
-1.27,1.03
0.26,0.89
0.76,-7.52
2.62,-4.8
-3.72,-8.14
-0.09,-3.53
3.98,5.15
-6.25,-0.56
-2.41,3.95
-8.57,-0.27
-5.43,9.15
1.56,7.06
8.33,-6.02
-9.36,-7.34
1.42,-3.86
4.78,2.51
3.58,2.29
-0.49,1.12
-7.33,-6.92
-0.54,2.49
-4.67,-7.17
-0.98,-1.05
-0.39,1.67
-0.77,2.07
7.79,6.31
4.99,-3.88
9.56,-1
-0.58,-1.41
-2.68,6.63
9.56,-7.64
6.43,-9.99
-7.67,1.85
-4.63,2.56
-7.71,-2.16
9,-9.44
-0.99,-8.14
-3.17,-0.29
-1.14,7.43
-3.41,-2.51
-2.62,5.06
-8.37,-8.74
-4.8,7.89
-7.22,-8.93
3.93,-8.87
-1.15,-8.97
8.07,8.06
7.05,1.93
1.76,-2.24
5.44,-1.07
9.32,-8.23
-3.54,8.93
8.39,-8.31
3.83,1.83
-9.39,-6.91
2.57,0.48
-8.59,3.92
-6.81,9.94
-6.65,-2.23
0.84,-2.38
-7.39,5.76
2.27,-9.74
3.41,4.39
1.56,1.85
7.72,0.64
7.39,-2.17
-8.33,3.74
4.78,6.83
9.23,3.06
4.22,4.68
1.12,-7.28
-5.13,-5.3
1.47,5.97
-4.32,-2.23
6.08,5.28
-8.19,6.19
-6.16,6.7
-7.19,0.73
-7.7,6.33
2.7,8.88
-6.68,-6.35
-0.43,6.2
1.57,-2.47
1.93,-8.45
9.33,4.61
7.34,1.29
-1.81,-7.33
9.82,3.36
5.1,-3.93
-1.82,-1.19
5.33,7.11
-9.48,4.72
2.53,-9.41
-3.93,-9.34
-9.78,-3.64
7.64,-0.66
8.83,3.26
3.06,-9.7
-4.83,-3.65
-3.79,5.83
8.39,7.27
-8.96,-5.69
-5.74,-6.27
-0.09,8.57
-8.75,6.8
-5.94,6
-7.56,-4.75
-5.39,4.33
-0.64,0.79
-0.58,-1.27
-7.69,-3.16
6.6,-3.47
1.93,5.72
3.71,6.97
7.01,2.22
-6.17,6.42
7.77,9.16
7.72,-6.23
0.4,9.82
4.91,-4.94
8.83,-2.19
-9.31,-1.38
-0.3,-7.92
-4.03,6.75
-2.57,7.02
4.89,-1.32
-9.94,0.52
-0.63,2.57
-6.87,-2.76
4.74,9.53
-8.75,7.84
7.99,6.06
-2.69,-5.19
-0.35,5.56
0.36,-1.47
7.02,-9.92
9.76,7.01
6.23,7.02
-2.01,0.24
-4.33,1.89
9.91,8.68
-7.41,2.59
7.21,9.25
-6.54,1.63
5.12,-4.65
-7.61,5.49
5.36,-7.72
-9,2.45
4.41,-3.03
-1.9,6.82
0.55,-7.37
-0.9,5.8
4.89,2.84
2.25,6.91
-1.11,5.41
2.7,2.48
-1.48,3.9
-3.99,4.38
8.78,-7.35
-5.99,-3.62
-1.92,7.69
-7.12,6.41
5.26,3.87
9.47,5.28
-3.31,-1.32
-5.02,0.48
-5.64,-0.5
-7.32,0.69
-1.37,-9.16
4.73,-0.11
2.29,4.12
3.49,-0.98
-5.11,-6.36
5.49,-8.51
0.87,9.29
8.94,8.49
-4.07,-2.57
-8.44,7.38
2.82,1.72
-6.33,-3.48
-0.39,-5.54
-1.39,9.57
-0.86,-0.39
8.91,-4.27
2.75,-4.11
-7.18,-3.71
6.08,7.36
-6.37,-1.78
7.41,-6.59
8.38,8.48
-9.79,2.85
6.74,-5.93
1.55,-7.29
2.26,-4.67
-3.59,1.51
-8.21,6.55
-7.52,-0.83
1.09,-1.32
3.56,7.94
5.78,2.81
-4.25,6.48
-3.01,8.94
5.98,-0.46
6.5,-7.72
-4.16,-2.34
8.85,-9.41
-5.97,-4.1
4.36,3
-4.29,-6.73
7.3,0.26
-8.37,4.19
-4.86,-5.35
-7.86,-6.9
-8.3,0.36
-1.94,6.66
-3.59,-3.54
-4.38,4.62
-4.08,-1.73
6.88,-0.72
-1.98,0.39
-1.63,-0.7
-7.31,7.71
-2.95,1.49
-9.04,3.37
-7.57,-6.78
-1.65,5.88
9.68,-5.37
3.96,8.63
9.62,3.28
-2.6,8.33
-5.41,-3.84
-8.97,-5.95
-5.47,-3.97
4.4,-9.57
9.94,5.33
2.33,-1.26
-9.51,-3.48
9.31,4.5
5.02,-3.75
-4.03,1.49
7.32,0.91
5.36,7.7
-3.48,4.88
4.4,0.49
-5,8.67
5.4,-3.4
9.3,-0.74
-2.45,-6.18
3.27,5.34
-5.08,-0.63
1.49,-8.41
-9.74,4.5
6.27,-1.22
2.67,-3.4
2.26,-9.22
-1.26,-6.85
-8.14,-3.97
6.93,-7.6
-2.83,-2.95
1.35,-8.36
0.19,8.95
-6.81,-1.83
-1.21,-8.07
0.12,1.91
7.31,4.63
-5.72,-3.04
-9.83,-9.82
-4.12,3.17
4.44,-8.7
-4.13,-4
5.77,1.01
-5.05,-3.68
6.4,-0.53
6.99,-0.25
-7.09,3.48
-0.12,7.44
-5.57,-1.26
-5.26,7.48
-9.89,-6.36
-6.33,-5.35
-3.19,0.35
4.88,1.46
3.89,-6.07
2.71,-6.34
-1.78,-3.92
0.2,5.97
7.6,2.79
6.77,-1.35
-2.66,2.8
-8.78,5.03
4.25,7.21
9.38,-2.27
1.12,-6.45
3.51,0.26
-4.23,0.72
2.43,-8.29
6.87,1.27
0.45,-0.38
6.65,9.5
4.04,8.56
-6.35,-1.7
-7.79,2.73
1.25,7.71
2.69,-7.96
7.09,7.24
8.64,3.16
8.94,-0.05
3.63,5.2
-4.47,9.2
-1.92,9.72
7.07,-8.69
-4.87,4.14
-3.76,5.42
-8.95,3.19
9.07,6.9
-7.95,8.43
-0.07,1.34
-7.14,0.42
-6.09,-0.03
-4.12,-5.02
6.05,9.34
-4.32,1.79
-3.56,5.44
9.38,-9.86
1,-7.1
-4.13,-8.51
4.35,5.88
1.67,-0.61
0.95,6.51
8.26,-8
-0.11,-0.03
-8.83,-3.96
3.77,-5.9
7.35,5.57
3.47,5.99
-5.27,3.01
-9.59,-0.43
-7.59,8.82
0.52,-4.61
-5.8,-3.89
2.39,-8.07
-4.36,-7.6
9.2,5.13
-1.26,1.65
-9.3,4.42
-1.81,4.66
1.29,-6.47
9.69,-9.55
5.46,1.05
1.99,-9.42
-8.26,-1.99
1.94,-3.34
9,-5.53
4.17,-5.51
3.59,9.74
0.27,4.39
4.69,-4.33
5.9,-9.79
0.1,1.92
-7.98,6.45
4.22,-9.42
8.83,1.17
-10,5.25
-2.62,-0.9
4.8,1.25
-8.51,3.06
-5.53,5.75
8.72,1.95
2.54,7.37
5.07,-3.7
2.37,-8.05
6.91,-1.31
1.4,1.98
-8.29,-9.93
0.88,8.03
1.69,7.88
9.15,-0.51
-3.22,-6.25
4.05,-7.56
3.82,-9.13
3.34,2.28
-4.6,5.38
-3.48,-1.06
-6.33,8.09
3.93,-5.34
9.7,5.46
-0.82,-7.43
-8.64,5.45
-1.67,8.31
-7.29,-8.26
-9.65,-1.37
2.35,-1.75
-8.45,-3.05
-4.83,2.65
-5.3,6.76
7.13,-6.65
-0.62,4.65
-3.41,6.72
6.33,0.06
3.97,-7.95
-3.22,0.56
-7.55,-0.52
8.77,9
2.7,5.01
-7.71,0.36
2.78,-7.09
-7.75,-0.61
-3.09,8.46
5.24,-7.96
8.9,-3.11
-9.14,7.2
-8.4,0.63
-9.08,5.82
3.05,-4.95
7.66,-6.27
6.1,4.54
-4.17,-1.54
2.92,1.81
-3.67,-5.81
-7.69,-6.24
-1.83,3.87
2.57,-9.7
-8.72,8.2
-5.63,-1.42
-4.97,-5.99
-9.21,-6.96
2.91,7.31
1.05,9.88
4.33,3.8
6.76,-3.14
9.87,5.1
-3.11,0.18
4.67,-0.02
5.23,0.18
-9.75,-9.32
6.83,2.67
4.81,7.95
7.28,-8.27
-1.38,4.62
6.21,-8.52
4.28,5.91
5.65,-2.75
-9.42,4.74
6.1,-3.39
5.67,2.81
-5.77,8.08
-8.54,-1.63
-3.49,4.11
4.9,-1.64
0.53,-6.85
-9.72,1.08
-5.88,-9.3
-8,8.1
2.27,2.61
6.84,-1.72
-0.16,4.25
-9.08,-7.14
-8.67,-5.17
7.29,7.73
3.53,6.1
-7.65,0.08
-9.03,-2.49
4.55,-5.58
1.22,4.88
-1.81,-1.53
7.91,-8.52
4.32,5.81
5.74,-4.59
-6.53,4.45
-0.25,9.01
-3.62,-2.4
7.91,4.46
1.06,-7.75
5.8,-8.85
9.88,8.43
-8.61,-5.36
-1.39,-9.85
-0.73,2.15
5.86,-5.64
6.23,2.68
2.65,-6.23
-6.57,-2.16
8.68,-2.83
-7.06,-2.66
-5.77,-1.75
-9.03,2.5
5.02,1.46
-8.71,6.9
7.56,-6.83
8.41,3.88
3.58,-7.98
3.02,5.02
0.45,9.38
-7.47,-8.97
0.29,2.33
-0.45,-7.13
0.81,-2.09
-9.24,6.7
-3.7,6.75
9.96,3.9
3.23,-0.19
-6.09,-9.79
2.47,-8.69
-3.89,-7.37
9.34,-6.79
3.03,5.64
-3.87,8.66
-7.05,5.33
-8.07,7.77
4.46,6.57
-9.72,4.33
4.89,1.33
9.88,-1.44
3.57,-5.26
4.58,-7.14
3.35,-7.07
1.52,-9.29
0.45,-0.38
-1.35,9.89
6.05,-0.61
-3.44,-7.48
-1.33,-5.31
-0.98,-6.05
-9.81,-0.85
-0.25,9.99
-8.6,-0.13
6.77,-3.3
5.02,-8.93
3.72,-6.54
-7.33,0.8
8.01,4.65
1.45,-2.77
-5.63,1.54
-0.32,-8.07
7.07,-3.04
0.38,-0.9
-3.54,-9.62
5.21,-7.79
8.47,-7.58
8.76,-1.74
9.14,8.94
-9.58,8.06
-0.33,1.45
-9.13,6.33
3.93,-3
6.19,2.67
-3.02,-5.99
-5.78,3.53
8.03,6.53
-6.35,-3.31
-1.58,4.36
5.44,4.72
-9.81,7.14
-8.22,0.83
-1.52,9.07
1.14,9.41
-0.82,-3.47
7.89,-4.21
-8.17,2.95
-0.39,0.71
3.9,-3.39
8.34,4.55
8.1,7.51
-1.65,6.09
1.53,-9.75
6.98,3.17
-8.31,0.72
8.48,8.99
5.98,-7.48
7.06,-4.35
6.13,-1.01
8.01,-2.35
1.48,-3.74
6.7,9.67
-0.07,-6.82
-0.64,5.7
-0.14,3.31
8.58,3.45
4.98,8.94
9.6,5.18
-1.97,-5.47
-8.42,3.81
-9.43,-3.72
8.84,7.41
-9.61,1.87
-1.88,4.26
-7,4.9
-9.57,1.01
6.93,4.59
0.04,-6.17
-0.36,6.22
5.96,0.01
6.97,-1.55
-0.07,0.09
-0.38,4.53
-5.05,-6.94
-2.52,7.77
-0.88,0.98
-2.35,-4.9
4.93,7.5
1.87,-2.85
3.94,2.8
7.39,-5.7
6.78,-1.31
-2.84,-9.55
1.15,4.38
-0.41,6.38
-7.49,-8.3
4.55,2.78
9.34,9.81
-3.54,-5.77
-1.65,-6.01
1.69,-6.53
-7.01,0.12
2.46,6.62
-2.38,2.33
-4.89,-6.91
-7.76,-8.42
-6.49,-5.18
2.33,-0.1
7.15,5.49
2.89,2.54
1.52,-3.59
-9.8,9
1.54,-3.25
2.72,2.08
6.37,4.46
-7.26,0.53
5.5,-5.1
-9,-4.54
-7.23,-2.57
-5.05,5.52
-1.01,7.36
-0.91,3.11
-7.58,6.21
1.47,8.43
1.97,-3.21
5.18,-4.59
7.8,-7.32
8.67,1.6
6.56,4.35
-6.42,-6.28
1.16,4.75
-6.12,3.34
9.3,-5.45
-4.67,-6.24
1.45,-8.81
7.16,-9.09
2.9,4.57
9.93,-9.88
8.07,3.79
-8.74,-6.47
0.72,1.73
8.78,-8.9
-8.31,7.03
6.94,7.52
-6.97,4.99
-0.74,2.4
5.72,-1.78
-4.46,9.58
-6.91,-6.89
3.37,1.15
-1.91,5.04
5.35,-6.39
-2.08,-9
9.12,9.58
6.05,-9.11
9.87,8.33
5.09,9.31
9.76,-7.35
-4.45,-8.69
1.96,-2.67
7.21,1.7
5.3,-0.74
1.7,-5.02
-6.4,-4.99
-5.93,1.12
-5.97,8.85
-3.03,-1.53
3.08,-4.43
6.49,-1.92
3.41,9.52
-7.19,6.67
6.19,-3.72
1.1,-0.4
4.67,-4.22
-1.47,5.13
-3.55,7.91
-4.59,-5.52
-2.45,9.38
-4.66,-4.64
7.19,-8.74
-9.88,-2.28
-9.76,2.62
-2.6,2.95
-0.04,-0.27
-7.46,-3.65
-7.93,8.69
-0.25,-6.04
-3.08,-8.68
8.1,-7.08
-3.66,6.94
5.72,-6.89
-1.92,2.28
-3.01,4.67
-9.36,5.5
-4.6,5.78
9.14,9.47
3.24,8.24
0.28,-0.56
-3.67,8.03
9,-7.74
1.58,-1.01
3.68,6.5
4.04,-7.49
-5.5,8.95
-1.19,-6.95
7.98,7.35
-7.36,0.85
9.94,3.87
-2.73,-3.07
-5.44,6.43
1.46,-6.68
1.97,6.31
5.24,1.22
-0.14,-9.78
8.8,-2.4
-7.04,-2.28
-2.67,1.18
6.77,5.02
9.58,9.16
-5.42,-9.2
2.91,-8.54
8.64,4.13
-2.4,3.2
-0.37,-3.61
-2.8,-0.45
4.74,9.98
-1.88,-0.36
9.69,4.73
8.62,-0.15
-2.48,-2.79
7.84,-3.62
4.52,0.61
0.89,-6.84
1.58,-4.14
-9,3.66
-2.54,1.41
3.67,-7.07
4.07,8.67
-5.74,3.58
6.33,-5.37
6.39,5.04
-2.22,8.26
-5.28,3.24
-1.97,1.68
0.58,-4.12
9.13,-1.7
-5.75,-2.68
7.35,1.28
-9.89,7.03
9.84,4.07
-1.55,-8.74
-3.57,-8.38
-4.2,0.97
9.21,8.47
-1.67,-2.23
8.66,-5.55
4.65,7.61
-4.98,-9.19
4.13,6.5
2.16,-1.29
7.04,-1.02
6.48,-9.09
-4.18,6.99
-1.57,9.26
2.98,5.45
-9.95,-5.43
0.79,-8
4.8,-3.12
5.49,-4.81
-8.66,-5.05
3.28,-8.23
-7.15,-8.37
2.34,-0.55
6.37,2.96
-1.13,6.62
4.28,6.29
-4.06,9.14
-8.45,-5.09
9.54,0.8
6.84,-1.05
4.22,3.6
-6.9,-7.17
-1.46,9.69
4.9,-9.22
4.55,5.34
1.42,5.48
-9.18,5.56
4.66,3.11
-0.02,-6.91
-6.86,-3.95
-4.22,1.94
-0.52,4.56
7.16,2.25
9.7,-3.33
-4.13,4.2
-9.45,-5.06
4.96,-1.13
-8.94,8.87
-3.82,0.32
-8.5,5.34
5.8,-8.01
-6.84,0.4
-2.38,0.98
9.34,-7.65
5.54,1.21
-9.1,2.2
-9.4,-2.22
3.02,-7.21
4.8,7.14
-3.8,2.65
-0.3,2.97
-7.66,-3.6
6.24,-3.71
1.26,-2.53
-8.67,-9.17
-2.05,6.1
9.62,-6.71
-1.41,-2.77
-2.15,-5.78
-1.77,-1.64
-8.1,-4.78
-8.63,-9.09
-8.68,-2.07
2.05,-6.9
-2.89,2.87
-4.31,8.17
-9.8,-3.23
-8.09,9.35
-0.07,2.03
3.99,2.87
9.78,6.43
-1.37,1.11
-2.61,-5.07
-4.08,-4.2
-6.24,-3.87
8.63,-3.8
5.5,6.98
-0.54,9.24
-8.37,-4.1
1.42,-1.43
-2.43,8.49
6.74,7.76
-7.48,3.43
-6.42,3.44
-2.98,-5.39
3.41,2.33
6.97,-9.1
4.39,-4.37
3.31,8.52
-4.4,-4.91
-6.35,-3.49
-7.02,-8.48
-9.93,1.28
6.37,1.8
-7.79,7.98
4.59,-3.16
-9.86,8.02
7.78,3.65
-2.45,1.22
-1.88,4.67
0.17,-3.09
8.08,-3.14
0.9,2.7
-5.67,8.33
1.02,4.48
6.44,3
1.7,-5.05
-0.87,-4.55
1.9,-8.89
9.66,7.36
-7.45,2.79
9.15,-1.27
7.7,-5.02
-2.35,-6.43
-6.98,-6.92
9.82,2.87
4.46,2.94
-3.56,1.02
5.82,-1.48
5.63,2.29
4.61,6.18
-2.7,-2.59
-4.74,7.2
-0.21,9.59
3.66,-1.1
-2.11,1.38
-9.01,-2.7
-0.21,3.74
-0.91,9.1
1.78,-2.1
0.89,-5.21
3.02,9.99
2.08,8.94
3.93,3.81
-5.46,7.61
-2.75,8.27
-8.46,1.13
5.29,-0.44
1.04,6.56
2.41,6.78
8.95,-3.38
-5.1,-4.72
2.06,-0.35
7.72,-3.58
4.05,6.01
0.48,-2.89
-6.12,5.41
7.8,7.21
5.97,1.49
1.83,-1.39
7.35,1.78
-6.91,8.06
-6.01,-5.97
7.14,-2.55
7.18,-7.75
1.54,-9.48
-7.26,9.31
5.72,-2.26
-6.74,6.07
7.13,-1.55
0.52,-6.26
-4.74,9.83
-5.23,-2.47
2.93,-2.01
6.91,2.99
2.99,1.2
-8.99,0.54
-5.06,-8.45
3.86,-0.73
-2.79,-3.34
-8.04,-3.29
-9.34,9.64
0.62,-1.53
-9.99,1.82
7.5,-5.77
-4.15,1.29
6.64,-5.33
6.1,8.47
-3.58,5.07
-3.84,-7.28
4.07,-0.54
-8.4,3.2
8.47,1.55
-4.1,5.18
4.38,6.9
4.09,-4.42
-0.92,-7.7
3.6,-7.19
-4.93,6.77
1.1,5.18
-1.63,-4.22
2.15,3.21
7.28,7.26
-2.59,9.16
0.1,6.47
-4.34,1.65
2.33,-7.24
-6.28,-6.81
7.36,6.05
3.81,-7.37
-8.06,-4.65
-3.68,3.63
-9.62,0.05
7.81,-2.68
-5.28,-3.4
7.87,1.39
5.92,-5.06
6.41,-8.63
5.6,-5.3
-7.62,-9.85
7.39,-2.75
-4.11,-0.93
-3.31,1.66
4.38,9.48
4.17,1.19
8.4,-7.62
9.77,-5.95
3.42,-2.91
3,6.56
-1.15,-0.81
-1.37,4.03
0.69,-9.08
0.18,2.55
9.84,0.16
-5.53,3.68
7.32,-4.57
-3.17,-9.37
-5.25,1.34
-3.91,-3.88
-1.12,-1.11
-3.7,4.58
-8.29,1.02
-3.25,-0.32
9.92,-0.63
2.97,-9.34
-8.46,4.84
5.61,3.31
-7.96,-1.74
5.67,8.9
-3.05,-3.13
4.83,-3.68
5.31,0.05
4.96,-4.38
-7.54,-7.3
3.63,-0.22
4.07,-4.49
-6.11,-5.36
8.2,3.74
2.54,5.17
-4.3,-4.42
-0.87,-5.13
4.05,4.83
4.72,1.42
0.7,-8.93
-4.78,7.25
2.98,-7.41
-8.15,-5.73
-5.26,-2.37
5.2,-3.68
-9.41,6.77
-0.29,5
0.44,6.8
6.83,-7.9
-4.62,6.82
7.09,-3.63
-4.34,-6.51
2.13,-5.58
6.2,8.78
-5.65,3.01
-4.75,5.11
7.87,-6.93
2.62,-9.86
-8.99,3.67
1.49,-6.27
1.23,-7.74
3.61,-0.26
9.78,4.23
3.97,-4.22
9.92,-5.47
-0.66,9.23
5.98,-4.4
4.55,9.5
2.75,7.03
-5.48,2.53
6.45,0.38
-4.45,4.9
3.25,7.73
-7.06,-6.36
-1.05,-5.77
8.95,-7.55
6.62,-5.82
-1.09,9.09
3.74,6.28
-9.93,-6.92
-8.6,-9.44
6.18,-6.71
6.65,-3.95
1.92,6.37
-3.49,8.22
5.75,-8.26
5.46,-9.78
-1.96,0.51
5.98,0.13
-0.72,2.14
-6.38,3.02
-0.42,1.08
9.39,-1.24
-4.37,4.03
-8.41,4.28
6.82,-7.45
5.67,-6.99
7.35,-7.29
3.36,-3.72
4.94,-4.64
-1.48,-4.75
7.26,2.79
-8.97,-7.02
6.67,6.01
3.66,-7.18
-7.19,2.26
-9.65,-3.73
3.3,-7.96
-7.22,1.9
4.95,-7.18
7.34,7.4
-7.65,-0.24
-2.09,6.03
7.7,1.11
-8.24,4.22
1.6,5.71
9.51,-3.23
-2.63,-4.94
-1.3,0.21
-5.15,0.25
-7.58,3.29
-8.41,-7.27
8.81,-3.87
8.68,-2.21
-2.82,-4.68
6.04,3.79
9.65,-4.4
-5.91,2.98
2.77,-9.61
-5.33,2.78
3.88,1.43
-2.17,1.07
-2.49,0.06
-1.32,7.49
9.61,-5.86
-5.56,-6.43
7.93,-4.71
3.28,4.57
7.39,-1.06
6.72,9.84
-6.03,-9.78
-1.24,-0.2
5.24,-1.24
-1.7,6.6
8.11,4
4.16,0.98
1.3,4.53
-4.41,5.94
-5.88,-8.95
8.53,6.49
-2.47,3.27
-6.93,-8.22
1.53,-4.21
6.35,-1.89
3.45,-7.71
-3.95,8.44
-8.5,5.64
-7.11,1.91
5.77,8.39
-7.93,2.86
1.09,-7.73
7.43,-5.11
-5.11,-7.77
4.78,5.05
-2,4.81
4.28,8.55
7.61,-5.81
6.25,2.7
-6.82,1.57
-9.21,2.21
0.31,3.56
2.28,-7.74
2.73,4.78
-0.11,-0.99
0.91,9.48
7.03,5.23
-6.66,7.44
-3.42,-7.8
-8.88,1.45
6.1,8.49
0.86,-8.69
-3.98,2.97
2.4,-0.89
-8.36,1.3
3.61,5.96
3.56,-9.63
7.72,1.51
2.45,-1.56
-3.29,-5.03
-6.81,-7.69
5.04,9.55
2.73,-9.33
1.86,-3.55
0.34,7.06
-0.72,-0.06
4.04,8.63
5.47,8.39
4.92,3.14
-5.86,0.2
-2.34,-3.25
-7.64,-0.91
-8.51,3.68
-8.17,2.24
-3.77,-0.96
2.14,3.92
-3.64,-9.58
0.2,-0.59
6.32,-5.96
-0.22,-5.55
-4.9,8.59
-8.25,5.27
-0.78,3.03
-8.74,-2.77
8.03,7.83
-6.75,-5.94
-0.26,-9.69
-2.74,3.46
-6.39,-1.49
5.77,6.26
5.78,3.5
-7.63,1.99
7.38,-9.85
-8.1,-0.87
1.45,-2.88
-6.5,6.31
3.9,-0.67
-8.67,-1.73
-0.61,-6.79
8.41,0.18
-5.73,-3.59
5.75,-4.52
-6.85,-2.21
4.3,-1.81
4.17,9.33
6.27,-1.81
-4.16,7.82
-2.51,2.35
-6.44,-2.61
1.84,-5.15
-6.09,-1.84
-2.77,-9.91
9.28,-4.76
-8.49,8.98
-9.07,-7.23
8.32,-2.73
0.41,-8.98
-6.28,2.04
7.68,6.8
6.52,-2.34
-3.81,-8.93
-4.61,-2.87
8.56,-4.72
0.93,-5.29
-4.26,-3.88
3.97,4.44
6.71,1.9
-9.1,-4.51
-5.72,-1.43
1.91,-1.31
-8.58,-5.88
7.55,9.23
0.75,-3.45
-4.07,-8.46
3,-6.64
-7.36,3.78
-1.12,-1.47
3.69,-1.28
-2.34,-6.14
3.32,8.42
9.96,-1.11
6.65,-5.84
-3.63,0.64
-6.34,8.55
-8.24,0.32
5.82,-3.67
0.94,9.49
1.03,-0.43
-8.07,0.9
0.37,-7.55
2.93,5.05
-4.74,2.17
0.3,-4.91
2.01,9.86
1.98,-4.09
-4.26,-4.54
6.76,-4.77
7.98,1.19
-3.39,-0.52
4.68,-4.23
-6.11,-9.03
-2.77,7.92
-5.36,9.91
2.32,4.76
1.55,6.77
1.37,-2.4
-6.4,0.34
5.1,-5.66
1.49,-2.32
-3.48,-5.71
6.2,3.99
-4.24,1.32
-1.24,0.44
-7.05,5.17
5.4,8.74
5.45,7.34
7.4,3.24
4.18,9.92
-2.75,-4.22
5.58,-1.63
-2.53,-0.32
-8.4,-7.43
-9.27,-5.07
-8.52,-1.43
-1.56,5.67
3.62,-3.67
-5.46,2.13
8.53,-9.54
6.93,-8.31
-1.41,-3.89
-8.04,-9.46
5.14,4.98
0.75,9.61
-2.83,-2.42
4.44,4.66
-7.91,0.82
8.01,-7.97
0.85,-3.18
-2.01,9.72
3.43,-2.35
-4.52,-2.19
-5.2,1.59
-9.51,-7.7
-2.77,8.21
-7.83,7.64
2.04,-3.47
3.13,-3.42
0.55,-6.66
5.52,7.86
-5.12,8.78
1.1,7.83
-0.04,1.9
0.51,-1.79
2.17,9.31
9.96,6.49
-2.08,-2.28
6.44,-7.29
3.97,-8.24
2.87,-5.4
8.58,9.67
1.76,-0.97
-8.9,-9.79
9.98,4.26
7.35,5.82
3.93,-8.11
4.58,9.17
-7.79,5.86
-2.36,-8.07
-9.95,0.67
1.82,9.09
5.4,4.39
8.67,-8.69
6.43,7.8
2.01,6.83
-1.07,3.35
5.85,-0.56
1.13,3.45
-2.04,6.43
-4.77,5.77
-8.04,-9.66
2.29,3.45
1.31,5.36
-0.98,-1.65
-1.29,-5.85
5.86,5.99
4.18,-0.57
-3.09,5.74
-0.41,3.89
9.37,-0.65
2.42,-3.53
8.74,0.06
4.31,6.31
1.2,8.32
-2.31,-8.16
8.68,-7.58
8.26,0.69
-3.99,-9.01
9.83,9.93
