-7.09,-2.8
-2.58,6.23
5.05,-4.02
-9.01,4.79
-8.03,-2.88
9.13,4.53
-5.51,2.58
-1.43,-6.09
-7.59,3.57
-2.64,8.51
-4.83,-8.97
1.68,-4.74
8.14,2.81
-2.46,-3.02
-4.02,-0.74
9.1,8.65
-0.76,4.33
8.12,9.04
-3.94,6.14
-7.2,3.47
2.53,8.86
-1.29,-8.32
-5.94,4.55
3.05,4.28
-5.41,9.03
-0.45,2.26
8.88,-0.41
8.86,-1.08
-4.75,-4.09
4.72,5.59
-0.11,-3.22
1.48,-6.87
-6.24,-9
-8.68,5.96
8.18,5.18
6.25,-5.24
-3.39,-0.39
2.12,7.9
-9.64,-5.15
-9.58,-8
1.29,2.79
3.59,-5.83
-8.02,2.87
0.13,-5.71
5.49,8.54
7.31,-1.55
-8.87,-9.58
-4.97,4.2
9.74,3.63
2.8,-4.93
8.89,5.46
-9.9,3.36
-9.29,-9.27
5.85,-4.35
-0.74,1.47
-6.33,-6.24
0.75,1.82
-5.7,-0.94
2.68,-7.78
-2.34,-8.99
-1.56,1.32
-2.01,-6.72
-6.82,-4.49
9.36,-3.55
-4.96,1.22
-7.4,-3.6
9.29,-1.39
-0.01,-6.34
-5.05,-9.39
-1.82,-1.54
-4.98,4.55
-2.97,5.02
2.72,-9.41
-5.31,7.15
-8.09,-7.62
-9.43,3.16
-7.35,-8.59
3.69,-2.16
-6.88,7.61
-3.34,-8.64
-0.98,9.15
-7.18,-9.71
-8.8,-3.58
9.01,-7.13
1.41,7.44
-4.85,9.47
-8.28,-6.77
-8.26,-8.01
-7.93,2.77
8.5,6.9
0.02,1.6
3.98,-8.41
-1.05,-4.15
5.05,-7.14
0.27,5.42
5.09,-0.84
4.66,-8.45
-0.96,-7.16
6.44,-4.58
-0.97,-7.46
-9.27,5.43
-0.18,-3.17
8.05,3.21
4.15,8.74
-3.85,6.05
8.66,1.58
4.7,1.43
4.59,5.74
6.05,5.65
8.05,8.03
0.08,-8.45
4.82,-3.18
1.45,-8.17
6.86,-0.55
9.36,-0.05
0.16,-4.65
9.17,-5.88
-5.27,3.65
2.14,4.75
-4.67,-0.68
6.35,5.44
-2.75,-2.5
-8.11,7.13
9,8.27
-0.44,-9.19
-8.16,0.76
1.69,8.9
-4.96,-0.42
8.86,-2.85
-4.39,7.76
9.16,-1.42
-3.83,-7.5
1.49,-0.09
3.88,8.71
-2.88,-7.3
-6.88,4.22
-9.55,1.25
-3.52,-8.95
2.22,8.14
9.08,3.75
1.76,4.98
-0.1,5.28
3.06,-9.03
8.43,9.3
3.21,-9.99
3.71,0.75
-1.1,-4.09
-3.93,0.2
0.89,-1.97
-4.74,-2.54
-8.91,-8.57
6.07,1.93
-1.4,2.35
8.34,-1.24
-1.64,2.14
-1.99,5.24
-8.09,-0.77
-2.84,2.03
-3.55,8.2
5.74,-4.39
3.43,-5.27
4.4,-3.03
-2.94,1.04
-6.14,3.5
-0.06,6.58
-8.8,7.37
2.56,0.37
-9.69,-4.2
1.8,5.77
-1.96,6.12
-2.07,3.33
9.7,0.52
6.79,-8.75
-5.98,4.87
-5.02,-4.78
-7.72,-8.65
0.32,1.52
-0.88,7.36
-1.16,-7.2
6.13,4.62
-6.65,1.05
-2.73,-9.75
2.92,-1.95
6.27,7.75
-1.4,6.94
0.18,3.64
8.23,7.85
5.21,1.79
2.54,3.08
5.72,3.47
6.73,7.44
2.24,-8.37
0.08,2.15
7.89,-6.72
7.86,-3.39
-8.11,-5.97
5.37,-7.06
-6.43,-7.12
-0.45,1.26
1.11,-7.32
-2.6,-1.56
-7.3,-5.75
-5.08,-5.39
7.17,-0.76
2.23,-4.93
-9.31,0.22
8.94,3.96
0.08,-5.08
2.02,-5.47
4.11,-7.4
1.67,-7.97
-5.66,-0.87
1.62,-5.01
6.14,6.78
5.88,5.99
2.47,5.26
6.03,6.27
-0.61,-7.29
-0.84,3.28
-2.43,-8.24
-6.5,-7.52
-3.56,-8.56
2.74,-7.37
8.85,-2.74
-4.5,-9.2
7.38,9.86
1.36,7.65
-7.29,1.1
-9.86,-9.93
-2.26,8.48
9.83,-1.83
0.42,-4.28
7.92,5.81
4.47,2.25
-3.4,-1.01
-5.97,-7.59
0.3,-9.42
-1.26,3.95
-1.05,-4.28
-4.2,-0.19
-4.38,-7.05
6.37,-4.09
9.33,1.14
1.57,9.33
4.45,2.41
1.64,-9.51
-8.71,6.77
-2.08,1.37
1.42,-0.48
1.23,5.45
9.28,-2.51
3.9,4.96
-8.03,3.94
-7.68,-3.54
-4.91,-4.74
-2.34,4.7
-8.06,6.25
-2.64,5.15
-0.64,3.08
-9.5,7.31
6.95,-9.62
9.08,0.35
-7.35,1.57
-9.07,-5.69
-6.87,6.82
-3.36,-4.12
-0.89,0.73
-9.47,1.96
-9.39,-3.24
2.47,-7.02
5.97,-9.5
9.76,-7.11
-0.01,-2.69
-6.17,1.35
-4.76,0.94
-9.86,-3.24
1.11,2.97
9.73,0.67
-0.06,-5.28
7.62,-1.83
8.23,9.61
1.57,6
7.17,-0.78
-6.55,-1.81
4.51,-7.41
-4.66,1.13
-3.92,-2.27
5.23,9.2
-7.37,-9.98
0.38,-3.24
-4.15,-4.16
-1.98,6.79
-3.89,-3.28
-6.57,9.74
8.47,4.35
8.19,-6.07
8.67,5.45
6.94,-6.89
-5.56,-0.57
-3.24,-6.78
1,-4.05
1.52,-6.98
2.8,3.55
-5.89,-1.61
-1.34,7.5
0.83,-6.17
0.99,8.33
-7.93,-4.96
9.32,0.26
7.29,8.08
-7.26,-6.7
8.63,2.56
-9.95,9.46
3.67,6.48
-2.83,-1.83
-5.11,-9.17
-0.01,5.79
-8.27,9.77
-5.03,2.87
2.26,7.4
-7.95,-7.16
4.21,-6.03
-3.94,-0.69
-3.02,-6.83
-3.37,0.95
-0.35,4.66
-6.89,8.9
0.81,-9.86
-8.05,-6.53
-0.34,-8.13
1.96,1.41
-8.02,4.15
-0.76,8.08
1.81,-2.89
3.17,-6.76
5.51,2.53
-9.44,-9.06
-9.02,-3.39
3.26,-4.05
-6.8,-0.05
-3.36,-8.18
7.37,3.07
0.18,-1.09
8.06,-2.87
8.23,7.26
-9.67,-4.21
-9.57,1.82
0.5,2.54
8.84,-0.29
2.55,0.18
7.8,-7.24
9.13,1.3
-8.52,0.93
0.59,6.06
0.4,-5.13
8,9.53
-7,8.96
-8.92,4.95
-1.33,-8.61
-4.33,-2.23
2.18,1.02
-5.17,-7.36
-6.4,2.73
1.27,-2.33
-9.53,-0.48
-4.73,-4.34
3.74,-7.25
4.96,-7.48
8.59,-0.01
-3.02,8.34
8.38,-5.4
9.88,1.94
-4.12,-7.59
9.94,4.35
8.57,3.12
-7.74,2.3
-9.54,-0.17
-5.9,-9.91
-2.92,1.02
-5.91,-9.77
-9.38,6.25
0.91,-9.97
8.98,-7.86
-4.46,8.9
-8.03,-0.85
-3.46,-4.56
8.31,0.01
-2.08,-9.06
-3.75,5.53
0.83,-3
-0.2,0.95
3.51,8.82
8.36,-4.75
-0.01,-0.59
-2.7,-4.43
-6.21,7.7
-3.64,-9.18
4.63,-0.28
0.87,9.7
5.64,1.89
1.09,1.86
-5.59,2.46
-3.09,-1.54
0.57,8.03
-6.7,3.62
6.55,0.91
-5.19,-8.75
2.52,-0.65
5.45,8.19
6.84,3.21
8.35,4.35
-3.16,3.99
-1.77,2.35
-5.96,4.12
-8.35,-7.93
6.91,5.56
-2.01,3.97
-0.05,8.45
-1.51,7.79
2.22,8.4
-1.04,-5.66
0.59,-7.77
4.25,-4.29
-2.94,-0.18
-8.64,-6.43
9.95,5.86
1.51,-9.74
-1.06,-6.82
4.99,-7.44
-5.91,-3.11
9.74,7.57
0.09,9.33
3.33,-3.77
8.36,10
-1.16,8.39
-3.13,-4.21
8.4,2.46
6.56,-3.63
-1.76,9.15
-7.77,2.92
4.43,1.39
-1.54,4.99
-0.77,-9.7
-3.54,9.52
8.9,1.51
7.13,-7.77
0.28,6.66
5,1.42
4.87,-9.41
-9.98,-5.18
-2.94,-1.28
-7.15,-9.33
5.6,-1.75
-5.14,1.81
2.74,9.6
-8.32,-4.17
1.42,6.9
5,2.2
-5.69,1.69
-4.07,4.05
9.24,3.22
-8.01,-0.74
-6.26,4.49
-2.47,-7.15
-5.28,7.88
3.06,6.87
-4.69,-6.23
3.24,7.41
-8.46,-0.39
-7.53,-0.39
-9.1,-4.5
4.06,3.05
-1.01,7.05
3.19,5.87
0.82,-9.62
-7.88,-1.17
3.37,-2.93
4.92,-0.93
6.35,7.44
-6.58,-8.94
-8.17,-0.21
0.77,-4.89
-4.11,6.16
6.78,-8.58
-3.85,-8.17
-0.14,1.88
3.56,-2.92
-9.5,-8.9
-0.43,-5.07
-7.45,-8.68
1,-0.48
6,-1.21
-8.45,-8.08
8.17,-3.18
3.82,-8.9
-3.54,-2.97
-3.34,-7.33
-1.02,-9.82
-9.83,2.68
-3.28,-6.62
2.24,8.34
-6.08,-9.99
-9.4,-9.74
-6.75,-3.42
-1,-7.04
1.53,0.98
-9.56,-7.64
-0.25,-0.04
-6.76,-5.76
-6.22,-9.22
-4.16,7.49
7.61,-7.34
-6.34,-0.13
-9.9,-0.12
2.81,8.39
1.18,-9.52
6.82,7.04
2.51,3.34
9.2,-0.64
-6.55,-6.38
7.62,-5.99
-2.16,9.81
6.5,7.75
-2.34,-2.09
3.05,8.86
1.49,-3.84
-8.84,-5.35
8.71,0.75
-6.04,9.77
2.36,-2.18
3.65,-3.07
8.24,5.27
-0.73,-1.13
3.61,1.94
-0.8,-6.51
-5.16,-9.63
2.03,-9.63
4.72,-4.24
-6.06,-8.45
1.53,-4.11
5.1,-8.93
-5.28,1.66
5.55,-8.38
1,5.04
1.03,-1.97
-5.58,-4
-2.26,-7.11
7.17,8.08
4.94,-3.13
2.14,-6.47
-6.4,-6.55
-5.13,2.73
7.67,1.05
1.84,0.81
-9.87,-7.5
4.22,0.85
5.86,6.82
-4.8,-7
5.46,-8.77
-1.43,0.36
5.59,-1.92
-9.2,-2.26
-0.99,9.19
-8.23,1.19
1.65,-8.85
9.36,5.31
3.29,8.33
-5.05,8.31
-7.18,1.8
-1.11,2.43
-8.19,-7.65
2.38,-8.52
0,9.56
8.41,6.66
-5.39,-4.8
-1.02,7.24
-7.52,-3.42
7.62,-1.54
1.49,1.83
8.03,-1.4
6.83,7.49
-6.53,2.36
8.63,-8.42
2.72,-0.55
6.07,-8.45
5.75,3.38
9.98,9.49
-8.47,-1.41
-5.29,-3
-6.97,-1.75
-6.48,5.06
7.77,3.75
7.93,-9.96
-9.27,3.7
-8.21,-5.53
-4.82,-7.68
-8.76,-4.29
-5.45,-6.56
-4.81,-5.95
8.3,0.21
-2.39,3.13
-6.69,9.49
0.13,-2.62
2.69,-0.62
7.1,-5.66
0.18,-1.32
9.78,5.44
8.04,4.07
-8.15,6.15
-8.77,5.96
-1.95,-7.53
-3.79,4.54
5.25,7.84
4.72,-6.48
-1.69,-8.11
7.25,-1.47
-3.03,9.88
-5.81,8.73
-7.49,7.58
6.07,7.75
-2.83,-7.84
-8.52,-9
8.42,-3.2
2.93,5.23
-0.56,2.44
-6.37,8.96
-0.52,-6.18
1.59,0.47
-0.23,5.66
9.84,6.61
-1.06,-8.11
2.49,-7.1
-3.07,8
2,8.84
0.89,0.71
-5.26,-2.09
8.76,0.65
-7.85,6.29
-5.71,6.44
-4.99,-0.86
-4.61,4
3.4,-7.64
8.34,1.14
-1.06,-7.29
3.99,0.83
1.43,-6.78
7.07,9.79
8.91,3.42
-9.02,-5.16
-1.06,-9.46
-1.81,9.66
2.62,6.56
-3.9,5.4
-9.61,2.57
-6.62,-4.13
4.53,7.99
-8.66,-2.19
-1.56,8.31
-7.82,2.29
1.04,-9.37
-5.04,-5.72
-4.18,3.71
-6.43,-9.19
-0.56,-6.51
9.12,-5.26
0.06,3.45
8.9,5.22
-5.36,-6.93
-9.82,-8.46
-8.69,2.52
-7.43,-4.89
-3.89,6.17
-7.6,-4.84
5.85,-8.29
9.84,2.08
-8.85,-3.97
-1.39,5.46
8.35,5.44
-4.07,-7.15
-8.55,5.44
-9.28,-7.83
-0.61,-0.19
-9.64,-3.82
-0.97,-7.67
-2.53,6.09
6.59,3.79
2.57,-6.57
0.82,3.2
8.68,1.9
4.69,1.91
-8.77,0.95
-3.5,-8.1
-5.45,-1.3
-6.56,8.98
7.57,-8.95
4.02,-5.65
-6.91,-2.09
-5.01,-1.02
4.84,7.56
8.33,6.89
-2.22,1.57
-3.02,6.27
-7.7,0.51
8.77,-8.68
-7.24,1.21
3.18,1.54
3.94,-4.01
-4.53,9.71
-6.2,-5.08
-3.97,-5.12
-5.17,-1.27
6.47,-0.2
-8.01,-8.62
-3.34,6
-2.99,2.3
4.47,5.62
2.63,6.61
-3.72,-6.77
1.78,0.07
7.07,-9.16
5.96,-5.38
-6.12,1.78
8.54,-3.08
-6.42,-8.19
7.39,5.28
2.78,-1.59
-4.46,-3.05
7.47,1.29
8.65,-6.51
-6.88,-5
-0.42,3.15
-4.45,-3.1
-2.79,8.06
1.29,0.55
-1.71,-5.38
-0.71,-8.9
3.84,6.43
7.76,-7.48
-7.78,-8.32
3.83,7.07
2.24,-3.93
8.56,-1.47
-7.68,5.79
-4.51,-5.41
-7.06,-7.24
6.64,-9.95
-8.21,2.67
4.27,2.46
8.42,8.52
-6.21,-0.46
-3.77,0.54
-9.07,1.37
6.57,0.13
8.56,7.38
-6.64,-7.29
9.74,5.04
9.32,2.56
1.74,-1.15
-1.34,3.69
0.24,-6.97
8.01,-7.8
6.87,-8.95
-9.86,-5.27
-3,5.51
4.82,8.74
-2.36,-7.89
9.46,7.01
-5.83,2.87
-6.63,-5.35
-3.21,7.13
-3.55,-2.03
-4.64,-0.33
1.87,7.3
-9.01,-0.47
2.57,-4.33
5.9,-8.48
2.77,-3.87
0.97,-0.19
4.95,-5.41
-3.28,7.37
6.89,-3.6
9.18,-8.28
9.89,1.14
-3.91,5.2
8.9,1.7
5.63,2.3
-8.37,7.45
7.4,3.05
1.21,-9.8
7.08,4.31
-9.17,1.2
3.02,5.31
0.43,-5.8
8.18,1.89
-5.44,6.6
-5.64,2.34
2.95,1.48
-2.88,-5.37
-9.86,7.49
6.48,5.36
5.49,5.65
-6.24,-6.09
-2.68,4.87
5.21,5.78
-9.38,-9.59
2.98,2.35
3.02,-8.43
-4.27,-9
3.56,-4.27
9.56,-6.51
-2.18,-3.33
-9.11,7.52
4.43,-8.64
-6.64,4.44
-5,4.82
-8.36,1.26
-3.33,6.27
7.48,7.32
-9.97,-4.61
-7.22,4.72
-7.91,-4.4
-2.67,6.17
-5.22,-1.9
-6.55,6.88
7.89,9.46
-7.11,9.41
-7.55,-3.75
-5.39,-6.81
-7.33,-9.84
0.12,-0.06
3.8,-8.44
6.05,6.73
-9.83,-1.59
-7.14,-7.66
-1.95,-8.37
6.17,-8.43
9.37,6.07
-7.1,-7.09
1.7,-6.07
-9.26,6.01
2.82,6.04
1.86,5.57
-4.52,0.89
-5.6,3.63
-9.18,9.67
-0.47,-5.78
-8.36,-4.43
6.65,-9.97
-8.88,8.77
8.99,-5.26
-1.47,-0.53
6.96,6.96
0.85,2.15
9.13,9.7
1.93,-7.68
5.79,-7.16
7.72,8.9
1.41,5.13
-6.17,-3.84
-9.99,1.09
9.18,6.64
0.92,-8.09
-2.42,2.15
-7.14,-7.32
0.14,3.41
7.1,7.48
0.22,-2.28
6.46,6.65
2.72,-9.34
6.72,6.03
2.96,2.85
-3.48,-4.82
-7.12,-4.42
8.3,-4.81
3.68,6.54
-6.46,7.36
6.26,6.46
4.95,2.97
5.2,-9.11
1.11,-7.13
-7.8,-7.68
-2.62,7.27
-6.04,-8.42
9.01,-6.67
-5.87,-0.38
3.3,-9.88
-9.08,-4.19
-6.47,3.59
1.09,-4.41
-4.2,-9.64
-7.71,-5.08
2.89,-6.98
5.65,4.04
-7.31,6.3
-6.98,7.51
-5.69,-6.37
2.8,-7.18
2.39,-2.83
-4.3,-7.88
-2,-8.73
7.22,7.81
0.62,2.29
-0.39,-5.58
9.19,2.66
3.89,5.97
-3.85,6.02
1.72,-4.92
8.86,9.17
5.26,8.17
5.11,-1.18
2.5,8.52
9.88,-6.23
5.62,-4.76
8.49,7.7
1.3,2.22
0.25,0.9
5.08,-0.4
-4.41,-5.72
-0.84,6.1
0.35,9.68
-3.01,-9.42
4.96,-4.38
5.3,8.63
-2.81,5.74
7.81,0.39
-5.27,0.85
1.92,-4.18
-9.58,6.87
7.57,3.75
-1.5,-3.66
6.29,5.3
-6.91,-0.22
-5.08,-9.16
-2.46,7.01
-7.54,5.29
-0.06,-2.6
6.87,2.36
0.48,-8.17
-1.97,4.04
3.27,-6.77
-9.09,-7.98
4.73,5.68
-2.08,-9.28
-9.68,8.15
8.45,4.88
-7.52,-2.45
3.89,-2.59
0.42,-4.4
-3.32,-6.99
2.23,9.45
-9.9,-6.71
0.04,-1.87
1.26,9.86
-4,1.85
5.75,7.62
-4.62,-8.49
6.85,1.23
-8.93,-5.65
1.29,-6.79
-6.27,7.01
-5.9,5.96
9.66,8.86
0.59,6.66
6.39,2.05
1.13,-8.41
2.4,-3.96
9.78,-0.56
-5.81,2.93
-6.87,-8.81
-7.88,-3.61
-8.83,-5.99
0.79,1.93
2.85,5.99
-3.33,2.89
1.17,6.48
-9.37,1.18
5.36,4.95
-8.85,6.76
5.69,-4.07
5.54,-3.07
-1.56,2.67
9.83,7.84
4.46,1.49
2.81,-4.23
-1.95,-2.15
9.41,-8.09
-0.31,-4.87
-5.62,2.37
0.57,-1.62
-1.33,-2
-0.68,-9.53
-5.26,5.76
-6.51,8.63
0.02,-6.68
-4.24,4.57
9.6,8.72
-8.28,-9.36
7.96,0.9
1.72,-4.24
-1.72,-8.45
2.67,1
3.5,4.34
4.18,9.12
8.14,4.87
-5.19,2.23
7.58,7.56
5.25,-6.45
-0.54,-5.56
-2.55,-7.39
8.4,8.52
3.62,5.15
-7.09,-9.69
-6.13,1.24
-7.34,-1.85
0.33,-9.17
1.88,3.26
-1.69,-3.07
-0.13,-2.78
9.23,6.44
-4.74,5.02
4.29,-8.89
2.67,6.31
2.42,4.17
4.49,8.92
-7.98,-4.75
5.29,-8.92
2.58,-7.52
1.7,5.88
5.29,-8.54
4.48,-6.74
7.19,4.8
-4.22,0.87
7.67,6
5.87,8.53
-5.35,5.63
2.76,3.24
-7.81,-3.2
9.56,3.41
8,7.78
-5.08,-6.27
-1.1,7.48
8.15,-4.43
-1.27,-5.22
-7.07,-6.95
-8.95,7.36
-6.81,-4.92
-0.21,2.49
-3.07,0.74
-5.61,7.31
4.77,-9.37
-1.49,-6.29
2.76,-7.59
-8.42,0.72
-3.9,-1.32
-1.42,-4.79
-6.97,-9.16
-3.9,-1.31
0.52,-4.11
-4.54,-5.26
-3.25,7.4
-5.38,-1.27
-1.75,3.66
6.79,-0.08
7.59,-6.29
9.26,-2.55
7.11,0.52
-8.14,0.3
2.2,3.08
-8.75,-8.01
6.68,-1.17
6.55,4.71
7.69,-6.44
6.34,7.69
-0.08,7.47
3.15,9.25
-9.93,1.87
-0.11,2.85
7.66,-0.18
-4.16,3.03
5.59,5.01
-8.8,-2.6
6.89,1.22
0.33,-5.16
8.15,9.36
-9.91,9.68
-6.6,5.16
-0.4,4.17
1.2,-9.16
1.69,-9.85
1.16,5.44
6.46,-5.21
-2.75,-3.96
7.47,8.16
-8.28,7.4
-3.86,2.67
-5.35,-8.93
-9.48,-8.38
8.67,1.19
6.24,-3.96
-8.48,-3.46
-0.84,5.77
-7.74,-0.25
3.6,9.44
6.13,3.38
-5.79,-8.26
0.92,-5.85
-1.22,4.35
8.73,7.76
1.2,-9.9
-5.47,5.37
-6.19,4.27
-4.09,-6.52
-4.91,-8.03
8.67,-5
5.46,7.65
7.41,3.77
-7.68,-4.46
2.42,-0.5
-9.27,-8.75
-7,6.39
-1.04,-7.58
-4.15,-3.23
-3.92,-4.06
-1.24,-7.29
-1.69,1.19
7.77,9.44
0.16,-5.96
9.15,-3.01
9.75,1
-7.5,4.99
-1.53,-0.5
2.73,7.08
1.91,1.71
4.81,-7.81
7.98,3.1
-9.64,4.06
-3.22,7.48
0.55,8.48
-0.99,3.67
-1.56,-2.78
-1.51,-7.9
-0.22,3.88
-4.78,-8.59
-5.1,3.44
-7.83,-9.14
-6.49,8.04
-9.89,5.87
0.86,0.09
8.89,6.83
5.5,-2.06
-4.04,-6.89
7.72,1.55
-2.24,7.57
-0.23,-3.15
1.84,-3.24
3.91,-6.15
8.66,6.78
0.95,-0.85
9.25,-3.59
-5.32,-2.28
1.59,2.1
6.12,3.29
-4.3,-7.03
2.41,-0.97
-1.15,4.95
6.14,1.52
-2.69,-0.31
9.11,1.2
-4.27,-8.41
-5.07,-2.74
0.06,-6.97
-1.83,-3.43
1.95,1.41
-1.48,1.64
5.09,-7.52
8.07,7.17
-2.6,1.87
-9.98,-5.09
1.25,-7.2
-2.12,4.22
-1.84,3.48
1.4,-4.69
1.99,-5.18
8.86,4.71
-5.48,-0.06
8.96,-9.8
-4.39,7.36
8.31,-4.27
3.92,-1.89
4.83,6.98
-9.84,-8.72
-9.85,4.13
1.97,0.36
7.13,-5.88
-1.47,-0.16
8.02,-5.21
-2.45,-0.2
2.22,-7.1
3.72,-0.86
-5.04,-7.92
-0.26,-7.93
-7.46,-5.92
1.43,6.65
-6.55,5.35
2.18,-4.38
0.39,-5.02
0.5,-8.17
-5.06,-2.21
7.02,9.92
0.6,1.59
-6.69,-9.93
0.67,9.8
-9.33,-7.97
-6.35,-4.96
2.75,-9.56
8.62,-8.82
4.21,4.28
5.88,7.33
4.81,-9.37
8.44,-9.16
-8.66,1.9
-3.73,3.77
2.74,2.02
3.92,7.13
-4.85,-7.95
8.15,-3.39
-4.42,-2.07
4.36,4.61
9.52,-1.85
-2.92,-4.22
-0.05,3.63
8.32,-6.95
1.35,-7.73
0.1,-6.83
-7.28,-4.44
5.75,5.01
-9.65,6.56
-3.34,-8.89
2.48,-7.61
-1.64,4.83
0.6,9.57
5.15,9.6
-3.33,1
-3.84,-7.82
-2.91,-4.98
7.7,4.8
-0.59,9.5
-7.74,4.26
5.6,9.61
-3.62,-1.33
-7.75,-3.1
-1.65,-6.19
-3.14,-4.04
6.89,-8.28
8.92,1.95
0.59,0.64
6.23,7.76
9.06,7.97
-2.92,2.81
-1.65,-6.9
7.52,-8.38
-0.65,1.43
5.33,-1.45
-7.53,0.03
1.02,-4.57
-5.79,-3.93
-10,-8
-1,-8.66
3.46,-2.85
7.14,0.13
-0.53,-1.27
2.09,1.26
-1.32,-6.8
-1.56,6.39
-7.36,-8.81
-6.09,3.17
-9.48,2.82
-4.62,5.43
-3.68,9.97
-5.52,6.8
-3.97,9.76
6.11,4.39
-0.75,-5.96
4.15,5.33
0.42,-8.63
-5.18,8.53
-0.62,-3.46
-5.17,8.54
-5.59,5.03
5.9,3.34
-2.06,-4.69
-7.27,-6.98
0.21,1.21
-1.73,8.18
3.95,-1.73
9.06,4.83
7.67,0.66
5.28,3.03
0.96,-2.85
5.84,-9.62
-0.43,4.02
-8.32,9.02
8.43,-6.86
4.32,8.7
-6.68,10
-7.42,6.31
6.7,-5.97
-1,-6.32
2.71,9.1
-5.34,-3.66
4.29,1.78
1.46,5.48
-2.59,-6.84
6.78,3.01
1.08,0.9
6.31,3.78
1.19,2.42
6.61,-0.3
-3.05,6.09
9.87,1.79
-7.54,6.79
-4.27,2.79
-5.26,7.61
-4.91,-1.24
5.52,9.71
5.85,-9.55
-2.05,-0.14
-0.45,7.76
-1.19,-8.47
-9.43,-2.96
-4.26,-7.86
-2.12,8.84
1.08,-4.25
-1.39,-3.87
3.8,7.77
-9.32,1.63
-9.21,1.07
4.73,9.67
-1.27,-8.14
-5.24,5.79
7.69,-0.01
-4.49,3.31
-1.13,6.92
3.47,3.83
1.74,-9.65
-1.57,5.67
8.68,9.62
-0.77,-8.65
-2.13,-2.68
7.97,-5.19
-3.17,-3.69
7.46,0.04
3.33,-6.96
5.9,4.74
5.92,-3.81
0.34,9.52
-6.36,3.18
-2.92,1.96
-2.88,3.72
1.9,8.84
-0.6,5.64
-5.96,-5.92
2.12,2.85
9.13,-2.41
-3.17,9.86
-5.12,9.53
-5.4,9.12
-7.72,4.99
-0.49,5.13
4.36,5.74
3.51,0.7
8.64,1.93
-1.79,-5.25
-2.84,7.59
7.97,4.07
0.2,4.42
9.08,-9.09
6.28,5.94
3.31,-0.17
0.55,6.22
-8.72,-3.34
-4.27,-0.39
-6.03,4.34
-7.43,8.96
-4.84,-8.86
-2.76,9.53
0.55,-0.16
1.95,-2.61
3.31,-2.23
7.39,-4.83
4.95,-8.15
9.18,-1.94
-5.45,-1.18
-1.21,-3.08
-3.01,-7.35
2.75,-2.42
8.03,-9.2
-3.22,-5.05
-2.05,-3.22
5.95,-2.65
0.95,-8.64
-8.02,-9.19
5.55,1.68
-3.72,-5.19
8.66,-3.25
-2.13,5.44
0.95,-1.49
-4.84,-9.44
3.08,2.59
4.18,0.29
4,5.8
-7.86,-4.03
6.53,-3.63
-6.91,-3.21
-6.54,9.15
7.66,-6.08
0.35,-6.45
7.69,-9.17
5,9.97
-5.05,3.47
1.25,-2.21
-0.25,-3.66
9.35,-4.65
-1.22,-9.87
-2.27,-3.7
-1,7.59
-1.59,-4.66
9.53,1.32
8.1,-1.17
-5.59,7.87
6.41,-6.89
-0.83,-9.86
-2.03,2.39
0.43,7.86
3.51,-1.15
-4.26,-8.15
-2.05,0.75
6.83,0.65
6.01,-3.73
-1.92,3.74
-5.65,-5.89
4.3,5.64
-9.32,-5.74
-9.58,-6.47
-6.21,-7.8
-0.18,2.99
-7.26,1.5
8.83,-1.81
7.05,8.37
-3.41,-3.46
-4.57,-1.89
6.11,-5.23
-1.81,9.54
0.4,-1.79
-7.46,1.67
5.28,-2.41
1.52,-3.21
2.7,8.43
0.39,2.45
4.3,-4.56
9.46,0.72
-9.48,0.4
6.29,6.74
4.51,-0.19
-1.39,-9.97
-4.45,4.6
-2.67,1.63
-8.27,-5.27
4.75,-2.55
-9.23,1.15
-2.76,0.04
-2.52,7.82
7.87,-9.51
-1.39,-9.62
6.92,5.41
5.71,-8.19
4.02,0.15
7.48,3.81
-3.54,5.97
7.35,7.05
-4.32,4.35
2.4,-1.43
8.67,4.68
-7.63,8.97
-8.32,-8.11
1.19,9.17
4.22,1.23
8.03,8.81
-4.9,5.86
-6.93,-5.5
-8.6,1.37
-3.41,3.02
-1.56,-2.13
-6.06,-5.43
-5.18,-5.32
-7.22,-5.95
-8.18,-1.59
-6.13,9.65
-4.39,0.3
4.77,4.98
-1.6,-4.7
-5.34,3.59
-8.36,8.24
-1.15,3.13
-4.15,-6.66
-0.03,-0.06
6.96,6.27
-4.42,-3.53
-7.7,-4.97
0.34,-5.14
4.9,-0.66
0.13,7.88
-8.23,7.64
-4.33,-6.33
-1.92,-0.72
-5.23,-3.66
2.24,1.14
1.61,-1.35
9.72,-6.46
4.32,-9.03
-1.28,-9.52
-7.05,-4.47
-8.43,-0.71
0.33,-1.72
4.52,8.9
-9.22,-2.09
6.74,-2.83
-5.26,-4.69
0.1,5.89
5.74,-6.37
-7.76,2.22
5.87,2.45
-8.92,-9.95
7.14,-9.5
-5.11,-8.68
3.35,7.27
3.76,-3.62
-6.9,-9.89
6.88,-2.92
-8.2,-0.5
-0.25,-0.76
1.93,-3.5
7.06,-0.93
5.66,-1.49
-7.92,-7.77
-9.46,-9.65
-8.09,-9.08
1.06,-9.65
4.51,1.94
6.72,6.2
-9.71,3.83
5.43,5.64
-1.14,9.72
7.01,-0.42
-1.6,6.84
-6.7,9.74
3.03,-8.86
-3.14,9.77
-0.54,-6.5
8.12,7.07
7.89,0.07
-2.26,3.2
1.76,3.8
-6.95,6.87
4.33,8.98
8.81,-6.99
1.61,-5.38
-8.16,-9.74
6.66,4.29
-7.83,9.7
-6.95,-7.83
-8.45,0.69
8.19,5.33
-5.13,9.35
2.73,0.95
3.58,2.26
0.75,2.55
-0.43,2.53
-6.59,7.18
-2.04,4.64
1.85,8.57
-8.14,-5.34
9.34,4.84
5.64,-6.49
1.1,5.36
0.6,4.13
7.96,-3.73
6.28,-1.24
7.74,-0.4
4.55,2.9
2.03,-5.1
-2.68,-3.05
3.49,-7.55
7.77,6.54
-1.05,-4.42
8.07,5.49
7.58,-6.87
0.36,-3.55
4.42,3.65
8.3,-0.69
9.52,-5.81
9.73,4.7
5.4,-4.31
-6.1,-3.45
8.4,4.01
-2.98,7.3
-5.02,-8.46
-1.36,1.59
0.97,-2.56
1.15,2.19
0.07,7.74
-1.14,-4.88
4.53,0.03
-9.04,-2.34
-6.92,-5.2
-6.09,-1.21
-5.54,-1.47
8.13,-2.15
-3.01,-9.65
8.87,-2.77
2.65,3.39
6.53,-3.74
-8.2,-9.96
-1.06,3.01
2.71,6.13
5.77,9.91
-2.63,4.66
-4.1,0.6
-9.89,5.14
-5.09,9.68
-8.91,7.53
-4.99,-6.45
-7.58,-5.57
4.75,4.42
-4.22,-5.06
0.66,-3.04
-2.48,-7.37
-6.52,2.92
1.1,-1.71
-1.5,-0.72
-6.3,-9.34
-5.82,7.13
-0.26,-1.66
6.15,8.03
0.72,5.46
6.42,-6.63
3.97,1.48
-1.51,-5.31
-0.22,-8.92
9.41,-8.54
-3.61,7.13
3.02,-7.29
7.96,6.65
-3.4,6.43
-7.98,-3.39
-8.42,2.63
8.18,-5.92
-0.85,4.65
-1.18,6.09
-4.6,4.71
-1.67,6.78
4.81,2.86
5.42,-0.59
-5.61,5.87
7.41,9.65
2.72,-7.83
-0.96,-9.94
6.97,9.01
0.7,8.36
5.78,-5.66
8.85,-6.65
-3.25,1
-6.26,1.72
5.01,-2.07
-9.17,1.22
-9.82,-6.26
-7.9,-2.36
6.84,-2.16
-2.35,-5.01
-9.19,1.55
-2.15,9.15
3.23,-6.49
2.41,9.97
-7.82,-9.3
-7.44,1.14
-7.88,-0.72
-6.15,5.07
-8.72,2.55
9.01,-3.32
6.32,8.16
0.64,-8.9
3.56,-8.36
1.72,2.57
3.94,6.37
-7.94,-5.3
2.33,3.11
2.32,-7.8
8.77,-2.42
-7.08,-4.97
-8.38,7.65
-6.61,4.88
3.22,8.34
0.42,1.61
4.06,-0.72
5.06,3.17
6.52,4.79
-7.9,8.09
2.11,8.18
0.59,-0.02
8.23,-2.9
0.58,-10
-3.37,7.57
-4.64,-5.65
5.15,-8
-0.86,1.13
-0.76,5.68
-7.39,3.26
-3.23,6.48
-5.83,9.85
4.44,6.42
6.2,0.77
0.42,3.14
-1.02,8.8
-2.23,5.4
-6.6,2.71
1.15,4.79
-7.34,-5.26
-2.95,-4.07
-5.06,1.08
-8.02,-7.68
-3.98,4.23
10,9.91
4.58,-6.24
-3.33,0.17
2.55,4.62
8.8,1.96
3.68,8.77
5.63,-6.65
-1.38,9.29
4.18,-3.8
2.2,-5.25
-7.32,6.8
-5.1,2.91
-8.7,6.31
-3.68,-9.29
4.72,0.37
-2.95,9.17
1.2,-1.22
-0.56,7.48
3.48,2.49
6.68,7.3
2.52,0.64
-9.55,-8.26
6.65,-1.73
5.93,-6.75
-9.36,1.42
2.29,-4.4
-5.98,3.01
8.26,-5.59
-1.71,1.2
1.92,1.16
-1.53,0.65
2.71,-0.11
-2.55,-6.02
4.66,7.92
-9.11,-8.68
0.86,4.22
4.9,-4.27
8.2,-2.4
5.55,-3.15
-0.49,-2.03
6.73,8.37
6.23,-9.42
6.38,9.72
-0.78,-4.26
8.41,1.58
4.36,3.83
4.06,7.42
4.36,5.29
-4.58,8.5
-8.04,7.49
-7.32,1.39
6.38,-7.21
1.79,-9.87
6.01,-5.13
-4.54,4.56
-4.71,-3.47
2.48,-3.44
-9.07,8.02
8.67,5.75
-0.83,-0.31
8.03,-4.13
3.07,-7.59
-2.37,2.14
-7.7,-6.1
8.93,-5.5
1.43,4.76
-2.41,8.09
6.36,-7.75
-8.55,-7
6.03,-6.42
-1.71,-6.83
-7.61,-0.41
-8.35,-7.47
9.26,-4.39
-7.53,9.06
6.81,8.76
-8.09,1.7
-4.56,4.71
3.33,-3.16
0.81,-4.19
7.07,3.29
7.62,2.36
7.59,8.83
-6.48,-3.08
3.38,3.31
-4.49,-5.03
1.65,7.89
0.09,-4.13
8.05,1.6
6.86,-2.01
-2.24,-7.06
6.26,-3.28
-7.19,8.13
-3.87,8.64
3.22,6.44
-6.23,-8.13
7.03,-1.1
4.9,3.56
-2.08,5.24
3.73,6.52
6.23,7.78
4.14,-0.82
7.74,-7.43
-4.89,-5.41
-3.58,-9.45
5.27,-8.92
0.22,-6.25
-5.67,3.84
8.96,-4.67
1.73,-8.79
0.83,-6.63
0.42,4.84
8.16,8.7
3.38,-0.93
-5,-2.78
6.13,4.73
7.83,9.56
9.18,2.34
-3.74,2.06
1.96,-6.5
1.86,-7.24
2.16,-9.48
4.43,9.04
-6.19,-4.51
2.73,-0.89
-5.56,-0.24
-8.96,3.4
6.96,5.43
8.06,-4.66
2,-6.83
-9.28,-9.01
-0.07,-4.32
5.8,-1.32
-5.48,-1.64
4.46,4.02
8.67,-8.16
-0.1,-6.43
9.58,-3.88
-9.91,8.17
3.16,-0.02
9.03,-2.77
-6.57,-9.1
0.45,0.74
7.21,7.37
-0.51,-6.24
9.48,-1.39
3.21,9.21
-6.6,5.28
9.39,4.25
5.67,-1.3
1.37,0.97
-2.99,-9.98
-0.1,7.15
4.5,5.51
6.26,5.18
3.87,5.86
9.19,2.77
6.87,-6.38
3.81,2.81
1.98,6.93
5.25,1.68
0.37,-8.81
0.93,7.11
-6.94,-1.12
-4.02,-7.13
8.74,-1
-6.52,-0.99
0.46,-8.17
4.26,9.66
1.41,0.2
-8.5,-8.52
8.18,9.79
-7.77,4.09
-4.29,4.33
-3.79,2.4
8.02,0.43
-6.18,2.03
2.71,2.45
2.52,-5.46
6.07,2.87
9.12,9.64
5.48,-7.75
-0.64,5.93
-1.1,9.98
4.2,-5.76
-3.47,-4.62
-8.53,-2.42
7.44,-3.64
-8.28,-2.9
1.15,-8.14
0.89,-0.48
1.96,0.9
-4.14,-5.39
-4.66,-7.01
-6.24,-5.92
4.68,-1.68
-9.42,9.39
-7,-6.46
0.21,6.41
1.04,-0.6
-0.62,-2.07
1.43,-5.49
2.32,8.88
7.52,-4.41
3.08,0.09
-1.19,-9.63
-9.91,9.57
-7.96,0.86
1.22,2.56
1.03,-6.07
9.24,-6.29
0.35,1.72
-7.91,-10
2.03,-1.71
-9.16,4.49
-1.53,-5.03
1.26,8.58
-8.44,-8.54
1.24,-0.61
8.54,-1.01
-9.07,-4.61
4.82,6.9
-8.59,-3.06
2.38,-9.4
3.48,6.08
7.41,8.84
-7.81,-9
-6.19,-8.49
0.51,-4.58
7.25,9.67
4.05,-3.7
9.96,9.07
3.78,5.6
2.89,-7.1
1.23,-1.92
-1.18,0.26
4.17,-9.58
-0.88,-7.29
-7.63,7.47
8.04,-1.57
-1.56,-6.29
1.12,-1.89
-5.33,-2.54
-2.95,-8.65
-9.83,-9.37
-0.61,-6.38
-0.83,-6.17
-3.66,6.83
-5.97,3.92
2.78,8.44
-0.12,-0.43
-2.88,-1.37
4.86,9.59
2.84,-3.09
4.55,-5.84
-5,-9.42
8.2,7.32
-1.29,-4.41
-8.78,-2.19
4.95,-6.06
3.03,7.86
2.93,-9.48
-3.97,0.68
8.92,0.67
-7.04,-7.55
-9.53,-8.65
0.34,-0.88
7.39,3.58
-7.74,8.45
6.21,5.25
-6.22,1.7
-8.39,5.5
-9.38,4.97
1.25,-9.44
-9.44,-2.42
0.36,9.98
-0.06,1.4
-0.2,-6.1
9.2,-4.14
1.42,4.09
-8.53,-6.21
3.77,6.11
2.67,6.06
-5.38,-3.2
2.6,9.27
-1.55,5.04
0.14,7.18
4.41,-9.98
-5.73,8.96
-8.69,7.42
-8.18,4.33
7.55,-5.2
-1.77,6.23
1.34,4.42
-7.28,6.3
-7.25,8.13
-7.95,2.82
-4.62,9.85
5.41,8.7
-1.86,1.53
-2.29,-3.14
-9.37,0.5
-9.49,-0.18
4.58,-1.36
-0.79,7.86
9.68,0.3
6.82,-4.55
-2.63,-4.07
-5.93,6.12
6.31,-8.53
-2.18,-5.64
-1.81,6.35
4.22,-3.43
1.05,-4.22
0.49,6.18
9.05,-2.54
-6.21,9.23
-0.14,5.92
1.54,-4.17
-7.07,-7.56
1.04,-0.39
7.34,-4.73
5.27,5.11
8.42,9.99
7.88,-8.19
-7.75,6.22
-3.84,-6.79
-2.86,0.85
-1.99,-6.02
8.57,0.34
-3.27,2.31
8.66,-2.79
9.11,-6.84
-6.46,-5.52
3.61,-10
6.04,-4.57
1.85,4.18
0.4,6.42
7.18,6.4
3.5,5.7
0.6,-6.26
-2.34,-2.65
3.17,8.49
-8.58,9.14
-9.46,-7.57
-3.79,0.44
-4.77,-6.85
5.12,9.93
-3.09,5.6
3.34,8.14
1.75,-2.35
-7.03,-4.12
0.33,3.07
2.24,-9.76
-9.67,-2.5
8.11,-6.84
-5.25,-7.58
-5.83,0.73
4.21,1.98
-6.26,-7.74
-1.81,3.11
-3.18,-2.49
-0.63,-0.17
4.24,6.88
9.81,1.85
-4.4,6.57
8.61,5.71
7.23,5.87
-5.61,7.66
2.79,9.71
-9.05,7.21
1.54,9.58
-1.39,1.23
-6.43,6.75
4.16,-6.96
-0.89,-7.39
8.8,5.22
6.95,-0.38
0.11,-9.18
-1.02,2.44
-1.28,-2.17
2.48,9.24
-8.29,8.48
4.15,0.82
9.48,5.14
6.12,-8.65
-0.58,5.63
1.49,7.04
-6.96,-7.74
-8.01,-8.3
-3.87,0.66
2.58,-4.6
3.17,-9.91
-4.48,1.26
-5.35,-4.91
-3.71,2.86
0.97,-2.08
1.91,-8.25
-1.72,-5.62
7.42,9.56
-3.1,3.62
0.55,7.21
-1.71,-2.83
-4.33,1.37
1.46,-8.33
-7.46,1.4
-0.98,-3.58
-7.59,-3.37
6.4,-7.35
9.95,-6.26
6.39,-7.84
-4.74,3.79
-2.99,-2.64
-9.5,4.34
-4.49,3.34
8.81,-9.89
1.95,0.8
3.61,-6.45
-4.81,3.73
-0.6,-0.2
0.58,-7.49
6.83,2.66
1.23,-3.76
-1.83,4.11
0.3,-7.04
-5.75,6.54
-6.77,-0.88
-5.08,-2.57
8.8,-2.9
8.93,-4.56
-2.79,7.49
-7.5,8.17
7.06,-0.11
-7.58,-3.19
-0.48,-9.57
-6.37,-2.45
-3.01,8.18
-1.58,7.23
-3.67,-2.09
2.1,9.19
7.37,7.93
-4.24,-9.26
-9.29,-9.58
7.75,5.26
2.39,5.9
8.95,-0.09
-0.35,2.89
-7.43,-8.37
5.68,4.94
0.27,9.01
-0.09,5.72
-1.59,1.06
2.81,5.92
5.38,8.62
4.35,-9.9
-3.21,5.84
2.06,0.09
0.41,-9.61
3.92,-1.66
-7.86,0.4
1.01,5.09
-2.26,2.42
4.25,6.66
7.7,-9.65
8.68,-0.91
2.7,0.39
-8.64,2.34
6.99,7.07
0.94,-0.1
5.01,-8.25
-4.58,-3.39
-3.42,6.64
-0.61,-6.41
-8.45,-4.33
5.48,-5.53
0.6,-7.04
-5.53,2.36
0.55,-3.8
-6.08,4.81
-6.28,-9.22
-0.1,7.46
7.78,-9.42
-7,-2.34
-7.03,1.52
-3.12,6.55
-5.66,-1.1
4.32,0.86
-9.82,6.13
0.12,-4.76
-2.64,3.1
0,-1.26
8.74,-1.24
4.41,-7.03
7.69,-5.74
0.27,0.15
-8.77,-9.99
2.64,-5.88
5.95,-0.02
6.49,9.61
8.13,-4.19
8.01,-4.96
-9.14,-3.53
-1.07,9.59
-0.04,-8.42
-9.59,9.08
3.13,8.31
2.87,-1.62
2.89,5.13
-3.01,-8.21
-4.77,-9.49
-5.9,-8.87
-8.83,8.05
6.28,-5.68
3.02,-1.19
5.6,-5.92
-6.19,1.11
-1.83,4.54
-4.33,-4.26
8.9,-7.75
0.8,2.26
-8.67,8.48
-0.16,-8.49
-2.77,2.74
-0.74,-2.69
-6.9,1.66
-1.43,3.09
7.71,-3.96
7.6,-9.19
-1.58,9.23
-0.32,6.22
-5.65,9.62
-2.45,1.18
4.18,-9.79
-4.59,-0.33
-6.41,7.45
5.19,8.58
-1.04,-8.03
5.63,7.79
-3.75,1.43
5.26,-4.23
-9.96,7.7
-1.37,-5.48
9.36,-4.42
0.01,0.07
-0.33,6.17
-7.41,-9.98
8.82,-2.68
-9.45,-1.95
9.14,1.76
-3.18,2.68
-8.59,-6.33
-3.73,3.6
4.7,0.72
-1.04,-3.03
-5.3,8.14
1.63,4.39
-2.05,9.75
-4.88,4.63
-4.49,0.5
0.16,-3.87
1.39,-6.52
-0.76,-5.86
1.81,7.11
-2.47,9.59
0.44,9.7
2.41,-1.65
7.69,2.02
7.63,-3.82
7.11,4.99
-5.79,-1.72
5.71,-7.79
-10,9.77
-9.3,9.47
3.81,1.22
-0.17,-6.05
-1.8,-1.2
3.55,2.58
2.42,-2.03
4.43,-8.81
-9.85,7.45
-7.81,-0.87
1.06,-7.53
-7.45,7.13
-0.17,-0.4
-3.37,6.46
-9.95,7.7
-9.4,4.87
2.93,-1.68
-9.54,7.52
8.57,7.15
-9.11,2.83
-1.3,2.87
7.9,2.02
-2.67,-0.79
-3.95,7.98
-7.83,-7.92
-5.8,8.82
5.25,-7.68
4.93,-7.3
8.63,7.39
6.92,-2.29
7.6,-5.23
7.66,-3.74
-4.02,-3.77
-2.11,-8.45
-5.22,-2.44
-4.27,-1.49
-3.6,-3.59
-5.95,2.3
-5.24,3.96
6.6,-2.3
-9.07,-0.96
2.59,-6.27
3.91,7.34
1.65,-2.4
7.32,0.73
8.42,9.65
7.49,-3.45
-0.19,-1.4
9.53,-8.13
6.98,9.17
8.83,-9.29
2.01,2.53
0.47,8.35
-5.84,3.83
-2.75,-2.76
3.26,-8.32
7.79,1.71
2.17,5.62
7.47,3.45
-6.43,2.98
-3.85,-3.8
6.46,-2.63
-3.22,-7.45
-0.01,-9.61
-4.71,-5.27
9.11,-8.96
-5.91,4.51
-6.56,-0.67
-7.31,0.9
3.63,-0.6
1.66,5.9
-1.01,6.59
6.95,6.44
2.49,-6.74
-1.65,9.29
8.27,-6.08
6.91,1.32
0.78,-6.8
5.57,-8.36
7.06,2.06
-8.03,-0.59
-3.61,9.57
-6.37,6.69
6.46,-1.41
-2.52,9.84
-7.23,-9.59
-1.27,5.48
8.78,-6.88
-2.69,1.52
-5.16,-0.04
-5.72,1.55
-3.7,8.72
-8.72,-0.94
7.84,7.8
0.72,3.27
-3.88,-1.08
-1.21,7.98
3.92,4.2
1.03,-4.52
0.96,6.25
-5.68,1.95
5.55,4.68
5.42,-2.58
9.14,5.57
1.76,9.81
-1.34,-0.37
-6.34,6.14
-0.97,-4.78
7.6,-0.93
0.41,-0.25
0.67,-2.99
9.52,-3.27
-5.16,0.46
5.37,-3.2
-0.21,-5.57
-5.84,-3.08
6.53,-3.47
-3.76,-1.3
-6.55,5.33
-9.52,9.75
4.73,8.55
-7.24,-6.76
-7.31,2.91
6.29,3.77
-0.43,2.16
8.44,4.52
1.64,9.38
1.87,-2.1
0.8,0.2
-7.66,9.43
1.71,-1.26
-5.35,-5.84
4.4,5.67
-4.79,-4.62
-6.78,-3.24
-4.23,6.54
-6.95,-7.48
-4.1,3.67
-8.91,2.67
-7.98,5.18
6.76,7.01
9.27,-5.44
-8.15,4.61
-8.97,4.42
7.07,8.93
-3.97,5.02
5.71,-8.62
6.29,-3.89
-5.68,-7.23
-3.42,-5.26
1.45,-3.87
-4.94,-3.89
4.99,-8.05
-1.51,8.02
-6.03,0.41
-9.14,-7.82
6.35,9.88
5.82,9.27
-6.15,-2.85
-1.49,-3.46
6.96,-3.45
3.71,-5.99
3.26,-1.05
-10,1.75
-5.42,-0.47
-6.5,0.46
3.14,-9.11
2.31,-1.93
1.02,-3.04
-3.96,8.01
-0.56,-7.95
3.44,-7.32
4.17,1.41
-4.26,-6.71
-6.37,-4.1
9.93,7.66
6.2,5.41
9.53,-2.77
-7.89,-2.59
-3.83,4.3
-8.44,-9.39
0.31,0.73
5.51,-9.22
-1.92,2.25
7.5,-5.64
7.48,-0.91
5.32,-6.23
-4.78,7.52
3.25,7.49
6.12,-9.8
3.04,2
-8.35,9.98
0.01,-2.39
5.2,-5.69
-0.49,-8.71
5.86,-0.06
-0.27,9.16
3.02,-4.09
