-7.33,5.69
9.94,1.43
8.98,-8.7
6.59,6.15
0.31,7.22
-6.48,-5.61
-8.62,-1.33
0.77,5.49
-2.54,-5.67
-8.71,-6.54
-4.73,0.69
1.54,5.18
7.49,4.96
8.65,5.59
0.58,-8.66
6.87,-3.31
7.03,0.28
4.79,-3.38
9.21,4.58
-3.97,7.41
-7.81,5.18
-0.89,3.54
-3.07,-5.32
-5.81,5.97
3.49,6.53
6.55,-7.2
9.67,6
-6.11,-3.85
-2.22,-7.04
-5.73,-4.3
0.39,4.1
-1.65,-2.54
-6.61,6.97
5.13,-8.72
8.68,-9.73
0.69,-1.89
7.77,-7.81
-1.18,-4.47
3.49,7.17
8.31,-8.16
5.04,-4.36
1.29,6.91
8.97,2.19
1.58,-9.96
9.47,-0.44
-2.57,0.44
-2.51,-3.55
-6.85,7.97
8.37,1.73
5.81,1.03
5.27,-7.88
-6.03,2.12
8.68,-4.64
9.76,-0.91
-2.87,-3.8
2.69,5.3
-7.53,1.06
-6.81,6.76
3.91,3.62
2.62,8.19
2.36,-8.56
-0.22,-3.26
4.11,9.11
7.13,-3.76
-2.37,-0.59
-2.7,-8.68
-3.37,-3.09
3.44,-0.87
1.32,6.92
-0.23,2.69
-8.59,-8.74
7.37,-9.02
-0.45,9.35
2.74,-0.66
-7.12,5.62
-2.78,1.02
8.18,-5.02
9.91,2.4
-2.2,-5.44
5.23,8.89
-2.12,1.36
-4.98,-7.95
-4.76,-7.92
-7.12,-2.29
-4.94,2.13
8.8,1.28
-3.02,3.24
-3.1,8.29
-3.32,-0.72
-2.64,-1.61
9.59,-6.12
6.39,-4.31
-3.37,-9.35
1.36,-4.56
7.59,-1.95
8.63,2.61
-7.74,-6.87
-0.2,-9.94
-2.39,-7.68
-0.68,-9.33
-6.11,3.53
-6.94,5.05
-1.61,-7.32
-3.38,9.54
-6.26,8.85
-7.65,-2.01
9.7,-0.06
-5.17,-8.84
-7.9,6.9
-9.59,6.8
3.75,-2.66
5.52,-0.95
7.57,9.54
4.63,6.84
5.04,-4.91
1.84,-3.93
-0.12,-8.74
6.38,9.59
-8.96,7.03
6.13,1.57
-2.66,3.45
-7.22,-4.73
0.27,-6.96
7.42,-9.8
-0.67,5.75
5.45,0.74
-9.24,-1.38
2.31,-7.28
0.05,-0.66
3.16,8.59
4.53,0.06
-2.2,-9.69
9.56,9.31
-5.39,0.87
-9.82,-6.06
4.69,3.71
5.27,-6.02
9.37,-4.79
3.38,-6.14
-2.4,3.33
-9.33,-2.72
-1.19,2.15
6.69,-8.78
5.53,-7.79
-2.34,-2.26
-5.66,6.02
7.07,2.77
-1.85,3.9
-0.95,5.63
1.1,3.77
-0.28,-7.99
9.02,9.1
-7.32,-2.29
-0.21,-9.78
6.75,-8.49
-9.35,1.59
-2.39,-9.73
0.7,-2.31
6.66,0.6
-6.63,-6.45
8.52,8.17
-9.28,0.74
6.58,2.74
1.55,-9.02
-7.12,8.2
9.1,5.42
7.03,-7.14
4.99,4.64
-9.85,3.8
-2.49,3.58
7.34,-1.83
-0.97,3.45
-3.17,0.1
4.27,9.2
-0.49,-5.06
6.36,0.56
6.51,2.16
-6.88,-1.83
-5.47,-6.32
-9.86,5.35
-4.26,7.45
-8.77,6.26
7.33,5.23
0.33,-5.57
4.47,-1.23
-6.63,-6.5
5.97,-8.41
8.24,-6.55
4.7,9.6
6.2,-4.71
-1.63,9.03
-6.63,4.9
1.16,2.39
4.68,-8.83
4.14,5.73
5.93,-7.66
6.48,3.16
6.13,1.45
1.1,2.08
6.02,-0.2
5.27,-5.05
4.9,-2.73
-6.24,8.83
3.23,6.64
2.31,-7.98
-8.07,-7.34
7.37,-8.45
-1.48,-6.11
2.29,7.42
5.86,2.99
4.39,7.23
5.09,-2.03
2,5.25
1.54,6.27
-3.07,-8.21
-9.88,-0.99
-1.54,1.59
7.73,5.92
6.59,4.02
-1.42,1.17
-0.35,-6.74
5.57,-0.4
-3.54,2.36
2.62,-9.55
-2.32,-9.83
1.9,-5.99
-5.83,0.64
-8.42,5.27
5.46,-3.75
-7.39,1.91
-3.24,3.3
-8.31,1.26
-8.98,2.08
-9.56,-4.76
7.7,-3.26
-7.45,-0.43
-7.08,-3.56
4.75,9.9
-5.93,-2.06
6.39,-0.63
2.65,7.92
5.23,-6.35
4.59,-0.83
-7.45,-1.13
4.22,-8.91
7.86,-8.09
-2.97,8.85
-0.07,5.26
-7.29,-4.83
-1.57,3.41
2.29,-5.1
-9.57,-7.83
8.73,4.7
-9.89,4.34
-0.88,-1.49
-8.07,-5.41
-7.15,-2.87
5.97,-1.58
-8.76,-5.52
-8.83,-9.02
1.63,-7.42
6.59,1.34
-8.5,-5.97
-3.57,-7.75
-4.97,-9.06
1.96,5.76
-9.88,4.58
-6.8,-5.07
-9.37,0.03
-6.6,-7.94
2.19,-3.83
8.09,-3.29
8.43,9.5
-1.26,-5.8
2.64,2.75
2.93,-5.26
8.2,5.53
-1.75,-8.53
-1.32,-9.89
-9.02,5.08
-9.26,8.04
9.69,-2.64
-6.72,8.91
-5,-10
5.35,-8.79
6.22,5.05
-2.33,1.2
-0.34,-7.48
-7.03,6.07
9.81,-8.33
7.48,4.81
0.69,8.21
-8.17,-0.54
0.81,2.62
-3.91,8.08
-1.59,4.82
4.34,7.5
7.25,5.44
6.71,4.98
4.15,-9.31
-8.75,-5.35
-9.37,3.84
-5.85,4.19
-6.19,7.7
-6.86,3.58
9.23,5.25
-8.1,-9.34
6.24,-0.27
-9.02,-1.04
8.24,5.96
3.09,9.4
-8.02,-1.26
9.64,-4.47
5.27,5.39
9.79,-8.04
-5.58,9.85
9.65,7.43
9.01,-5.06
0.98,4.59
-0.94,-4.2
6.77,-2.53
3.38,-8.48
-4.91,3.39
7.66,3.4
-6.97,-3.34
3.87,6.68
-7.53,-1.61
-0.19,4.39
-0.48,-6.15
-0.87,5.84
9.31,-5.93
-7.17,7.83
-5.57,6.37
-0.19,5.31
2.64,5.12
0.11,-3.52
-0.38,5.19
-7.61,-8.07
-2.76,3.27
2.72,1.78
-6.48,7.23
8.9,-0.34
1.02,-7.38
-4.73,0.13
-0.51,6.08
5.27,3.16
6.56,-5.06
6.84,3.2
-2.19,4.85
-3.51,5.28
-1.01,-8.9
-5.85,8.12
-6.36,6.88
-9.11,-5.66
5.89,6.84
-4.85,-1.9
1.87,-2.47
-5.11,9.35
-7.91,3.18
7.42,7.14
6.58,-0.03
-1.61,5
-1.55,-3.41
7.54,-4.5
-6.61,5.86
4,9.74
-7.43,-6.54
-5.12,-3.23
7.99,-6.81
0.36,5.37
0.81,-5.09
-5.12,-9.77
-9.42,-4.53
0.18,6.5
-3.8,6.64
5.44,4.23
5.88,-7.51
-2.52,1.03
5.18,-5.69
9.35,-9.61
-0.16,9.02
-9.04,-8.88
-5.54,-7.33
1.02,7.25
-3.63,-7.55
9.57,-1.19
6.47,6.97
6.57,-0.06
1.21,5.38
-4.92,7.32
-5.05,2.55
9.39,-1.41
7.53,-7.32
-6.65,-0.1
-0.57,3.95
0.45,-2.79
-0.67,-0.69
9.59,-6.73
6.18,-4.44
7.95,1.48
7.12,-6.56
-7.89,-6.21
0.89,-1.44
4.33,-5.03
-7.7,0.17
-7.16,4.19
-3,3.83
1.16,-0.2
-1.86,9.87
0.21,-3.4
-5.53,1.72
-4.94,-6.44
-6.92,2.59
8.36,9.34
0.72,0.89
6.32,-4.08
-2.84,8.66
9.79,-7.73
-9.59,4.39
6.42,-4.42
2.36,-1.06
0.13,-7.73
-7.84,-8.15
9.19,-2.28
6.99,-0.88
-3.36,6.69
-0.3,5.68
-2.7,4.23
7.07,3.69
-0.53,1.95
-2.95,-9.76
-6.11,2.96
5.35,-9.96
-0.78,3.15
7.6,3.27
-7.92,9.71
-7.37,-1.95
-2.29,-7.31
-3.93,4.28
2.01,-1.98
5.88,-6.84
9.33,6.58
6.99,3.85
0.45,-2.05
-7.71,-1.8
1.64,-0.03
-2.36,5.82
6.59,-2.49
8.16,7.88
-4.54,8.15
-4.17,9.52
-8.39,-0.33
1,4.66
-2.24,1.08
-2.8,-5.52
3.58,9.68
-8.37,-6.78
-4.82,-6.32
-3.43,2.37
9.64,5.06
-4.79,4.33
6.31,2.16
3.18,-3.21
6.77,-6.98
3.44,-3.74
8.7,-0.6
7.29,-4.13
6.31,0.33
-3.79,-4.19
7.03,7.42
3.64,8.14
0.5,7.57
4.96,5.96
-5.83,-5.59
2.3,2.87
-1.66,6.11
-3.78,3.91
-2.3,-9.27
-8.38,-4.78
5.71,5.14
-6.61,6.24
-5.29,4.71
6.01,5.03
-5.33,-5.57
9.78,-0.58
-9.26,-7.98
-9.7,9.75
3.76,-4.37
-9.58,-8.68
-3.84,-6.13
6.03,8.57
0.3,8.88
-0.27,8.49
-0.73,1.56
6.24,-0.93
6.8,2.77
-9.79,7.63
5.16,-9.01
0.32,-2.23
-8.32,-1.28
-1.09,-4.83
-2.59,5.1
1.41,6.29
2.8,-6.01
2.3,3.27
-3.16,-3.95
-5.42,9.27
-9.92,0.04
-0.71,-1.9
9.02,3.51
-5.82,3.52
4.61,-8.84
-9.72,-8.71
-5.01,0.37
-3.39,-0.81
5.83,-7.36
6.26,3.67
-5.44,-6.66
-5.65,-9.22
10,-8.45
-5.47,-5.33
2.7,-1.99
-5.1,-7.18
8.12,4.64
9.49,-9.16
-6.56,-7.73
8.82,7.19
8.34,-4.8
-1.02,-2.42
3.55,3.5
3.09,7.17
-1.63,6.83
-2.47,-1.61
-7.86,9.66
5.94,-2.25
-7.23,9.04
4.13,4.24
1.18,-7.57
-4.03,0.85
8.13,-6.74
-2.65,-1.03
-7.99,4.39
-7.51,-7.97
-6.5,-3.63
-7.52,-2.06
-4.19,-4.42
-2.79,-9.57
6,3.84
9.47,6.61
2.38,-7.66
-8.95,0.14
3.38,5.7
-1.51,-6.83
-6.4,-5.34
4.74,2.05
-6.93,8.46
-1.69,2.33
-0.78,-8.53
5.59,-1.75
0.97,-0.21
3.75,-8.71
-4.7,-2.47
8.1,-3.15
7.86,-7.11
0.26,7.98
-8.45,-6.9
-5.62,5.58
2,-7.99
-4.82,-6.57
-5.53,5.27
9.82,5.55
8.74,-1.83
-0.75,-9.63
7.08,-1.44
4.51,-6.57
6.4,2.51
1.71,-3.54
-8.55,-7.98
9.21,-3.23
-3.29,9.78
-9.32,0.73
-5.69,-3.67
1.9,-4.54
-7.45,5.06
7.85,6.16
9.99,3.92
9.5,-4.99
0.14,0.65
-6.18,5.19
-3.61,-1.92
4.5,-2.33
7.9,-0.7
6.91,-0.66
-4.27,8.62
6.43,-4.46
-5.36,8.07
7.2,6.8
7.12,-0.19
6.97,1.47
2.52,8.9
9.83,6.99
8.63,2.9
-2.78,1.92
4.87,5.21
-8.23,-1.47
2.76,1.51
-9.08,7.62
4.63,-1.75
-0.51,5.56
-2.99,1.97
7.18,-3.39
-3.17,7.6
-1.22,3.34
-4.62,-4.5
0.7,5.49
8.24,5.67
-6.76,-9.4
-5.8,-9.65
3.09,-4.02
-7.93,3.01
9.18,1.77
-1.73,-9.19
0.09,1.97
3.69,8.93
-1.67,2.17
-2.99,8.66
-6.67,5.27
-7.34,-8.95
-3.42,5.58
-7.46,-2.33
6.37,5.1
-7.53,7.99
-4.12,-5.06
6.81,-5.13
3.31,-4.36
2.53,3.02
8.78,-2.46
-4.52,-4.13
-2.47,-0.17
-9.61,6.8
-9.7,5.64
0.99,-9.7
-2.13,1.02
5.51,-5.01
-8.9,5.98
2.54,-0.72
-4,8.65
4.36,-7.23
-6.11,1.99
3.42,8.34
-5.3,7.59
0.93,2.25
-1.91,-2.74
-5.89,-9.79
1.32,-9.68
-4.19,-5.93
5.72,-5.66
0.77,-3.31
-9.5,-5.25
-2.33,-4.7
-8.88,8.61
-2,-6.44
-0.87,9.86
2.77,-3.62
-3.5,-1.91
-9.23,-1.53
-7.37,4.98
-2.21,-5.83
-4.39,6.26
3.44,-6.46
8.28,6.3
-7.57,-0.45
-9.36,8.52
1.36,0.06
0.29,-8.67
-0.97,0.49
-8.57,-5.79
8.04,2.27
0.4,-9.65
9.45,5.31
-7.74,5.75
9.88,3.89
5.48,-3.81
-6.11,-2.12
-6.03,-6.91
-4.67,5.61
-4.34,2.28
-3.17,-5.41
-2.18,-0.62
-3.97,8.64
-9.71,-0.36
-8.2,-7.87
-5.14,6.65
-3.2,-3.14
8.85,-2.85
-4.91,1.87
-7.55,-2.65
6.72,0.93
-7.66,-6.11
-1.49,3.97
6.62,0.16
6.82,-4.39
2.89,-0.97
6.78,-3.97
-3.51,7.64
-1.35,-8.16
3.79,5.9
-9.59,2.6
1.04,8.22
-8.46,-2.24
8.51,3.88
8.5,-1.71
1.85,-7.8
4.89,-7.77
0.9,-7.71
-0.88,-9
-1.98,-0.33
4.85,6.64
-8.42,6.89
5.53,-0.04
-0.21,3.69
7.31,-2.46
5.58,1.77
-5.1,9.04
1.62,6.66
-4.13,4.38
1.81,-4.68
-3.95,-6.63
-2.39,5.92
-1.65,0.43
5.53,1.91
-3.94,8.68
-2.26,0.31
8.64,-6.66
-3.35,8.49
0.99,3.05
7.54,-1.56
-8.06,-2.01
-0.8,8.88
1.87,6.49
-2.82,4.51
5.21,-6.66
-5.28,3.04
0.59,0.45
9.21,3.52
-3.61,-2.73
7.03,-9.36
2.38,-8.2
1.38,-9.52
4.29,3.16
-1.2,-9.44
-4.83,-2.45
-9.6,6.92
0.24,5.3
4.99,-1.37
9.24,8.55
0.37,2.35
-7.61,-0.47
-8.13,2.14
8.88,-7.13
9.66,0.38
-4.4,-2.91
5.04,-6.12
8.73,0.78
-9.16,4.11
9.2,0.24
-8.1,-2.26
1.64,-0.62
-4.86,3.97
6.88,-9.73
3.92,-5.63
-5.58,2.54
-1.74,2.36
-3.53,-0.24
3.85,-0.67
1.04,4.2
-4.23,-8.61
-8.73,7.38
4.52,5.17
2.17,-1.29
7.74,1.87
1.09,-3.08
-5.68,-2.86
1.9,6.29
1.14,5.64
0.46,-5.86
7.15,-1.28
0.84,-7.77
9.55,6.91
-0.5,-8.18
5.65,5.27
-9.73,0.22
0.1,-9.29
-0.25,9.66
6.52,-8.07
2.34,4.38
2.3,-7.82
-7.72,-4.04
-3.63,-6.17
-0.35,-1.7
8.12,-9.15
-7.17,-1.63
-8.56,2.97
-0.3,-9.32
3.31,8.95
-9.45,5.55
1.59,-2.49
-2.75,-0.96
-2.82,0.9
-0.75,-2.05
-5.78,3.93
-3.15,8.94
-5.84,-6.61
7.34,-9.42
-2.59,-9.68
-4.63,-2.48
0.38,-9.94
7.94,8.87
-6.68,-2.08
0.17,1.96
8.88,-3.47
3.45,8.45
6.8,-2.09
-7.54,-9.89
1.44,-3.29
5.35,4.05
-6.92,1.18
-5.93,-0.92
0.88,-9.98
7.68,1.84
-7.31,-2.54
-5.27,-4.96
-2.21,-3.95
8.87,-1.03
-7.69,1.33
7.1,4.25
1.7,-3.98
4.52,0.32
8.16,-5.46
-3.08,-8.82
-6.07,2.62
2.54,4.65
9.9,-9.11
8.98,8.4
-1.31,-0.15
9.67,-1.06
0.82,4.58
-7.93,0.3
-3.79,-7
-0.56,2.23
2.16,-0.96
7.21,7.45
6.66,-0.35
-8.62,2.2
7.75,-6.14
-3.38,4.19
-4.7,9.12
1.31,8.19
3.72,-6.54
-5.01,-4.73
-7.24,9.78
-0.99,-1.02
0.71,-3.76
-8.03,7.36
-1.16,-1.52
9.63,-6.9
0.53,0.79
-0.25,8.89
7.78,-0.29
-8.26,7.74
-5.02,9.65
-2.67,6.99
-9.63,3.08
1.5,-2.75
2.95,7.28
-2.09,3.1
-2.44,-9.88
2.54,-5.5
9.32,2
3.62,4.4
-7.23,5.11
9.75,-7.56
-5.88,-0.33
9.51,-0.81
3.71,2.65
3.31,1.7
-2.87,0.57
3.56,-3.98
-6.67,2.88
-9.46,2.25
-1.69,-6.14
-3.52,3.69
9.53,-2.25
-8.05,5.49
-6.87,1.99
-9.46,7.86
-8.92,0.34
2.32,-2.1
-3.01,-6.22
-2.51,8.64
8.51,-9.47
2.16,-9.15
9.69,-8.12
-3.59,0.59
-4.47,0.76
-4.14,1.23
-9.41,-0.12
-7.47,2.53
8.56,9.46
5.87,-0.33
2.9,-8.74
1.54,8.9
2.71,3.23
9.36,7.24
-4.16,6.78
0.39,4.07
4.72,-4.36
1.82,-4.6
-5.59,-9.67
-6.65,-0.47
1.62,5.69
-9.81,-4.81
-0.8,9.8
-9.3,8.99
9.69,4.78
-8.69,9.77
-5.16,1.43
1.1,-4.48
9.53,-7.04
-6.92,7.26
-8.22,-8.13
-5.51,0.75
4.82,-7.83
-7.87,5.56
9.27,-3.85
-9.29,-1.05
6.23,-2.46
-3.92,-2.67
1.69,-5.65
7.77,-0.34
5.18,-9.31
-0.24,-4.24
5.27,-9.84
-0.5,-3.08
-1.24,9.15
-4.37,-5.01
8.18,7.78
-3.4,7.68
-3.96,-1.89
-7.36,1.77
5.36,2.47
-1.86,-9.2
-7.99,-2.45
6.35,7.41
3.88,8.06
8.21,4.45
4.1,-1.58
-4.73,-7.3
1.19,-5.79
-5.36,5.87
0.24,-5.62
1.18,-2.29
-1.48,-0.75
-6.63,6.68
8.54,6.91
-8.87,5.44
-4.48,-4.25
-2.03,-4.18
5.8,-2.87
-3.08,-6.64
0.6,-2.26
-5.01,-7.9
-5.37,-6.57
-3.22,-1.37
-5.37,7.35
3.79,5.28
4.96,9.71
8.85,-6.04
-9.05,5.16
-8.87,-5.45
8.6,9.79
1.51,5.48
-3.78,3.26
-3.11,9.02
5.77,-0.21
-8.59,-6.83
2.18,-9.26
-8.64,4.78
9.36,-1.57
-6.66,3.73
-2.14,6.64
7.56,0.68
-4.15,-0.33
-2.64,8.65
-6.37,-5.86
-3.06,2.21
2.16,3.74
0.41,-5.01
2.24,-0.09
-3.86,9.31
0.93,5.47
3.29,-8.33
-2.9,2.41
8.15,-4.68
8.96,-9.93
-1.17,6.2
-9.62,6.68
8.2,-1.88
1.36,-4.02
9.26,-3.19
-0.3,7.04
7.78,-0.36
8.76,9.95
-8.73,0.81
5.11,-2.19
-0.1,6.3
-4.15,6.02
9.69,-2.35
-5.26,5.4
2.12,-0.02
8.45,0.61
4.03,9.7
5.02,-1.84
6.55,-1.2
-4.5,-4.71
8.85,-0.78
7.9,4.81
-5.3,5.74
7.39,9.72
-6.17,-4.73
6.66,8.32
9.1,-5.43
-2.21,6.6
-0.24,-4.69
9.71,7.39
-3.1,-6.04
9.27,-1.95
-7.36,-8.33
2.41,-7.91
4.6,-6.62
1.45,-4.1
-6.51,6.04
4.88,-4.21
0.82,-3.91
1.91,-8.39
2.3,2.11
-8.13,-8.13
-0.81,2.41
7.98,-3.96
-8.09,1.36
-1.8,-1.14
8.6,0.47
-3.96,-2.58
1.53,3.38
-1.42,4.23
1.76,-6.67
3.82,-8.28
9.2,3.89
-0.48,9.72
-8.42,7.78
5.7,-4.08
-9.64,2.81
-5.14,9.32
9.02,6.21
5.6,-9.5
-1.44,-4.07
-1.85,3.75
0.83,2.64
-3.84,-7.5
2.38,0.61
3.82,8.31
4.81,4.58
-8.59,-9.61
-2.09,0.5
2.45,-9.96
6.05,-9.04
-8.19,5.12
-8.54,-3.07
-7.57,-7.36
-1.91,-1.83
3.61,-4.9
-7.2,-9.55
8.44,6.56
1.13,-2.51
6.35,5.86
-2.42,-2.28
-9.61,-6.37
7.7,-0.42
7.17,3.5
2.52,-0.75
-0.48,6.24
3.25,-1.68
-5.39,-3.83
-1.05,-3.04
2.38,5.83
1.54,-2.46
-1.13,-4.49
2.18,-1.18
8.56,-0.43
-1.47,-2.13
-1.23,6.55
2.48,7.94
6.6,2.99
3.99,-6.18
-5.31,-5.48
-1.98,-8.29
5.87,-6.4
-8.35,-6.58
-4.23,-8.55
-7.88,6.93
4.89,2.18
3.97,-5.52
-5.42,-6.26
2.36,-8.92
-8.07,4.47
8.12,-7
-2.66,5.58
4.22,6.86
-0.98,5.92
-6.3,-5.61
0.9,7.28
4.44,1.05
-5.78,0.95
-5.4,5.21
9.16,2.31
-2.64,-6.55
-8.01,4.9
-0.86,4.67
-3.84,8.94
1.66,-2.3
-5.21,-6.7
7.86,-2.54
6.89,-0.19
7.66,5.86
6.1,-0.7
3.69,-3.44
0.86,5.62
5.41,-8.38
-4.78,-6.27
-7.77,-1.45
-5.2,-8.9
7.39,-2.1
-0.59,-2.46
-7.73,2.95
-3.26,0.47
1.57,2.43
-3.65,-0.71
6.2,-7.96
-6.71,-9.29
0.44,-9.24
1.79,-3.72
-3.62,-9.91
-0.98,8.34
-6.13,5.02
3.85,-3.92
8.27,-2.25
2.62,9
6.28,-4.42
-9.42,-8.95
-9.83,1.03
-8.2,4.77
-1.99,-1.16
8.36,-4.88
-0.35,8.62
3.72,9.77
6.37,-6.45
0.13,-6.81
-6.28,9.76
6.09,-1.44
-4.68,5.83
-7.45,9.53
0.3,-0.98
-1.95,-6.89
-3.57,-3.88
7.71,9.13
5.21,0.32
-5.72,6.07
-0.25,1.95
-3.69,6.91
6.19,-8.73
-5.3,6.75
2.59,7.45
1.89,1.15
-2.26,-0.01
9.27,5.69
-8.31,-3.4
0.01,8.29
0.96,-1.43
2.59,-2.93
8.04,4.59
-6.64,-0.29
3.42,8.37
-0.64,-5.61
-3.87,8.89
6.49,-9.62
-8.32,-7.71
7.03,-4.6
-6.15,-7.6
-1.59,9.18
6.18,-0.4
-5.61,3.93
-4.78,2.93
9.33,3.74
6.71,-5.74
3.23,-2.65
-9.63,-8.54
7.94,6.85
4.83,0.93
3.67,-0.5
-2.18,4.44
-9.36,0.81
-8.36,-6.61
-3.95,8.44
-5.31,-0.02
4.87,-0.82
3.18,0.59
0.33,4.9
9.99,1.76
-2.85,-7.15
-2.09,-7.34
-5.79,-1.03
4.72,-5.95
6.98,8.65
-6.69,-0.74
-9.49,-2.3
7.79,8.14
-0.96,-2.5
6.8,-9.5
8.22,-1.91
0.79,-6.1
0.1,-8.09
8.28,-1.89
9.08,-6.4
-6.15,-2.97
-0.98,-0.96
1.04,7.77
-9.91,1.63
-5.11,2.93
-1.28,0.85
-1.68,-9.83
-2.5,-0.22
7.85,6.85
-5.08,4.39
1.35,-3.67
9.78,1.08
9.07,-7.3
6.64,-3.34
-8.63,-6.51
0.23,-0.4
6.03,-3.38
2.57,-0.88
6.79,3.36
7.69,4.27
4.36,3.62
6.38,2.69
3.83,-8.14
-6.24,3.08
-1.79,4.12
9.9,-7.79
-4.46,6.97
-4.74,-0.6
-0.59,-2.28
-6.11,-0.58
-5.81,3.55
-2.19,-1.18
-4.98,-1.44
6.81,9.13
-0.24,-9.34
-2.82,-7.29
-5.18,8.45
-8.45,-3.16
-0.69,4.13
5.02,-1.82
5.09,2.39
2.33,6.3
1.36,-1.76
-9.19,-2.37
4.95,-6.28
-4.08,7.49
9.47,6.34
-4.73,0.57
1.67,7.36
-3.27,3.67
-5.6,-6.48
0.56,-4.37
1.62,-8.03
-2.74,-2.01
0.06,-1.72
7.15,3.01
1.72,2.42
-0.89,1.6
0.68,2.24
5.96,1.43
-7.99,8.44
-8.38,-7.32
9.07,0.84
0.26,-9.84
-9.67,-0.82
-8.88,6.64
4.17,-2.89
9.85,1.27
-7,-4.62
7.84,4.88
-8.22,-0.78
6.44,2.13
-3.03,9.82
4.05,-9.29
-5.04,-6.92
-8.79,5.66
4.57,-0.14
-4.07,6.03
-6.79,0.19
9.5,6.16
-0.79,-0.93
1.63,-1.7
4.6,4.02
3.65,7.31
-1.75,-6.3
-2.02,-1.13
8.73,-0.21
-5.65,-3.74
-7.83,-5.86
-4.7,-5.24
-3.88,1.21
-7.81,-4.19
3.7,6.36
0.09,3.97
2.77,-3.94
6.31,-8.77
6.94,4.79
3.34,-2.07
8.5,6.73
0.12,5.35
0.61,-8.25
8.64,6.83
1.78,1.71
-1.62,0.69
3.01,-1.68
-2.4,9.9
1.58,9.67
-4.59,0.48
-3.95,-7.8
6.87,9.78
5.46,0.43
-0.58,-2.74
-6.92,-7.75
-0.56,5.23
-4.24,-0.09
4.69,4.67
-1.06,9.23
-4.47,8
4.84,-7.3
-4.86,5.93
3.95,-7.87
-1.25,-4.28
-4.9,9.18
8.3,-2.49
9.33,-1.66
-6.89,-4.02
-3.02,6.41
-2.08,0.11
-6.12,-3.61
3.22,-7.91
7.76,-8.77
-2.45,-5.46
8.28,-3.79
-5.14,0.33
-1.52,7.31
9.71,-7.62
0.61,6.64
-2.19,5.75
2.64,-4.32
-0.72,0.92
-0.14,-1.82
-4.69,5.22
-5.52,-7.14
-0.75,-6.45
-6.71,0.93
2.05,-2.38
0.87,-4.09
7.02,-7.1
-1.71,2.36
4.83,-6.19
8.1,2.98
8.77,8.16
-7.61,4.61
-6.55,9.39
1.86,-2.06
9.82,5.56
-2.95,-4.38
6.96,-4.79
2.26,4.19
2.29,6.93
-8.64,7.04
3.59,-8.33
4.23,8.63
8.86,0.86
-0.33,-7.06
-3.38,9.34
7.48,2.64
-3.38,0.42
-1.19,3.52
-9.09,-4.16
9.85,-7
-4.15,-6.18
8.8,1.5
-7.78,0.1
5.61,2.54
0.26,-2.86
7.02,8.43
-4.51,-8.1
-0.37,-3.44
2.51,-2.11
9.76,1.98
-2.82,5.93
8.44,4.62
-5.3,1.33
3.8,4.3
9.33,-7.71
1.98,5.8
-4.42,-9.59
5.19,9.94
-8.14,3.81
-6.21,-3.17
-2.59,6.98
-3.42,-9.64
1.63,0.4
7.67,-8.51
8.54,-0.35
-7.06,1.44
-7.47,4.24
-0.05,6.77
9.71,-6.06
-0.79,5.54
-4.17,-6.06
4.36,-1.87
3.2,9.13
-0.65,-6.42
-9.35,-7.59
7.33,9.37
-6.88,-2.87
2.51,7.83
7.29,-8.18
6.02,4.45
-2.02,3.01
5.61,-3.46
1.38,1.08
-7.28,-9.88
-3.61,-9.34
-7.51,-8.09
9.82,0.97
-5.68,-6.11
-7.15,5.02
9.58,3.72
3.07,-8.06
-0.46,-1.43
-2.41,-1.41
-7.02,-4.77
-8.8,2.97
3.03,-9.73
-4.63,4.12
4.19,6.88
6.39,-2.7
2.34,-2.05
3.06,-0.64
9.11,-3.72
-0.82,-9.27
-9.01,8.82
1.37,-3.3
-4.23,-6.06
-6.54,-1.53
5.91,-4.79
-7.31,9.38
2.8,8.67
-8.71,-3.63
-7.1,-0.84
-9.31,-2.12
0.98,-6.75
-5,5.78
3.56,9.66
-9.8,8.4
6.98,-1.42
5.31,7.12
8.69,-8.66
-7.36,-8.49
4.49,-5.23
7.77,0.55
8.19,-0.54
-3.48,-4.09
7.13,-2.51
-6.36,5.91
6.97,7.46
7.33,1.04
9.93,-5.12
8.9,-3.46
-0.24,5.7
-4.64,-1.78
-3.84,-6.68
7.64,-3.8
-0.61,3.19
-3.03,-3.9
-9.46,6.19
-4.78,9.69
3.49,6.08
-3.44,-1.6
-5.15,-1.88
9.99,-2.76
-6.84,-4.45
-9.32,-3.38
5.96,-8.04
7.99,6.93
-6.99,-3.44
5.17,2.92
-4.94,8.76
4.62,9.68
7.14,-4.15
4.3,-0.03
2.19,5.37
3.56,-3.92
2.47,-8.18
-8.97,-6.35
-2.1,-6.39
2.36,1.87
-1.29,8.92
-7.06,-8.2
-7.36,7.63
-3.48,6.02
9.21,5.45
5.17,2.43
7,-8.48
7.41,-8.13
-2.99,-2.38
-9.47,8.12
5.03,-4.49
-7.62,7.19
-9.84,-8.65
3.63,-9.15
1.62,4.17
8.27,1.35
6.18,-7.14
3.22,1.41
7.26,2.81
4.22,-2.49
-0.74,2.29
9.94,8.68
-3.72,-9.38
-5.31,0.49
8.33,2.4
5.66,5.41
0.1,2.34
3.44,-9.24
9.94,-4.73
-7.79,-7.89
-3.32,-3.19
-3.77,-1.66
4.85,7.59
-3.08,-0.86
5.37,-5.41
-5.08,-7.48
6.1,-0.23
5.61,-2.02
2.24,-6.35
6.44,-5.95
-3.57,4.06
1.16,-6.17
-1.11,-0.49
-8.42,-7
-4.85,-1.29
-9.56,7.91
-0.68,5.24
2.58,-9.14
2.08,-9.37
-7.21,9.98
0.69,-6.43
5.65,6.6
9.76,9.46
4.34,6.05
-6.68,-1.5
8.06,-4.2
3.12,2.81
-8.87,9.74
-4.04,5.15
-3.24,-5.74
2.74,-10
-2.11,3.44
-1.66,5.64
-3.63,-3.35
8.46,-4.5
0.59,-4.37
4.2,-6.8
0.43,9.73
-3.67,-2.85
-7.25,-9.47
-7.66,-8.27
0.47,2.85
-3.5,-0.86
-6.75,-8.01
8.7,3.56
-3.11,3.46
5.66,-4.06
-0.95,4.14
-9.74,6.29
6.16,-4.4
-3.03,-4.4
-4.47,-3.93
-2.65,4.78
-4.97,-8.44
-2.13,-6.87
3.68,-3.24
7.41,-4.47
-2.17,-2.28
-7.77,2.57
-8.54,-3.28
0.81,-7.78
9.91,2.95
-6.69,2.25
-0.47,9.99
-7.81,-9.25
1.55,-1.2
8.48,-0.33
-3.69,-6.58
-3.81,5.89
9.41,-6.74
6.12,1.61
-4.03,-3.88
3.81,5.89
-9.9,-4.56
8.6,-1.78
-1.29,-1.14
-6.62,6.3
1.99,-1.96
-1.65,-5.18
-1.99,-9.46
7.32,-6.99
-1.9,5.86
7.21,8.32
-1.43,-0.63
1.75,-1.5
7.99,-9.96
4.9,-1.72
-1.48,0.92
5.05,-2.31
-2.36,3.84
-0.67,-2.98
-3.18,5.19
0.18,-9.2
-8.67,-6.98
-7.58,0.87
-2.1,-2.7
-7.76,-0.3
4.72,5.58
1.04,1.4
6.77,9.37
-9.43,-7.96
1.02,2.61
4.3,-4.84
8.06,5.42
-9.14,-1.23
-2.02,-4.22
0.19,-1.61
4.09,-2.63
-3.51,4.51
-8.48,-5.05
9.32,6.63
3.92,9
-1.08,6.99
0.61,-0.6
7.93,8.46
5.96,-0.89
7.28,7.23
-5.96,7.97
8.9,-4.84
4.15,-2.97
8.21,5.35
9.77,-3.58
2.99,-9.23
0.25,-0.16
-1.93,-4.78
-9.19,6.22
-4.13,-5.75
7.68,3.01
4.73,-6.81
-7.42,-4.92
-9.37,-5.52
4.5,-9.77
6.19,1.16
-1.46,-7.33
3.96,-1.14
8,9.72
9.11,-2.52
0.35,0.08
-2.32,9.06
8.07,8.75
1.85,2.17
8.85,-4.3
6.49,2.92
-7.13,5.99
7.64,0.43
-2.57,-3.08
8.63,-3.07
5.3,-0.93
-3.94,-1
6.75,7.24
-5.53,8.06
-5.94,-3.18
-5.21,-1.29
2.02,4.25
4.67,-6.12
-4.24,-6.74
5.59,-5.46
5.77,6.8
-4.15,-8.15
-6.79,-6.86
7.37,-5.24
3.99,5.32
-6.56,0.2
-0.26,-5.17
-9.57,2.51
-1.18,2.47
-3.59,0.19
-8.96,4.33
4.07,-6.52
-4.57,4.96
-9.25,-7.45
-0.06,5.37
8.9,6.34
3.56,0.81
6.38,6.96
-8.99,-9.59
7.1,-5.42
-0.17,-8.39
-4.86,7.88
8.52,0.52
2.98,-7.09
3.48,4.1
4.94,-3.83
4.03,7.14
5.72,-3.99
8.16,0.24
-3.15,4.87
5.98,-3.81
9.94,6.17
-2.53,6.83
-8.28,5.3
-3.27,3.53
-1.31,9.72
-8.31,-7.4
9.96,5.53
7.1,2.26
9.41,2.72
7.18,-8.31
7.04,-5.58
-3.61,3.81
-5.48,8.93
1.38,-7.32
-2.27,9.13
-6.5,2.03
7.1,-0.88
2.49,-1.32
-8.7,-2.49
0.01,-5.48
-6.56,0.56
-9.02,-9.93
-0.22,1.83
7.59,10
4.12,-4.15
0.89,-0.13
-6.43,5.65
-0.12,-8.76
-6.08,-4.97
-3.22,2.77
-5.8,3.25
6.87,5.36
0.18,-7.96
-2.06,-9.49
-9.34,-7.41
-8.32,-1.97
8.79,4.62
-2.43,5.2
-1.17,6.84
4.48,5.58
8.15,9.44
-7.51,-6.58
-4.82,-9.44
-6.47,4.39
4.58,3.27
8,9.24
-2.18,-8.89
-7.36,-1.27
-9.66,9.38
1.84,9.8
7.73,0.23
3,8.52
-0.1,3.69
5.55,8.11
8.45,-5.36
-0.92,-1.47
1.85,-8.91
8.1,6.28
1.73,4.87
7.35,-7.84
6.95,3.47
4.79,9.87
-3.57,-7.27
2.09,-1.73
6.44,8.13
-6.13,-6.57
5.06,-2.58
-3.04,-3.41
4.57,5.93
4.22,-6.76
5.27,-9.48
0.2,-0.43
-9.02,8.99
5.53,-4.5
9.49,-5.7
-2.89,-0.92
-9.57,3.28
-1.5,-7.04
4.84,-4.1
5.89,2.62
-9.61,6.79
1.57,3.73
-6.39,5.66
8.14,9.98
2.79,-9.71
5.37,-3.82
6.52,-9.76
-9.47,0.78
-5.73,-6.48
-3.54,-2.69
8.11,0.4
0.41,-0.04
7.91,1.3
7.43,-3.01
4.4,-0.44
0.86,1
-6.97,2.97
7.25,-5.65
-4,2.42
-4.67,-5.74
7.88,-8.42
2.06,-1.07
3.99,-8.73
-4.19,8.64
-2.42,-2.61
6.49,7.46
-3.67,-2.57
6.65,9.15
2.33,-6.85
2.74,7.53
5.86,-6.37
-4.47,-1.47
-0.88,9.41
6.75,-1.39
-0.91,3.43
6.89,-6.87
0.37,-5.01
0.46,1.22
9.25,5.33
0.43,5.85
4.22,-5
-2.65,-3.39
8.14,7.5
1.84,-2.21
0.53,0.69
1.28,-2
-3.21,7.14
-0.33,-9.66
1.98,-6.53
3.99,-8.68
-9.05,-0.97
6.48,3.57
5.43,4.16
-8.22,-8.38
-1.16,-5.74
4.53,6.5
1.87,-4.25
-8.48,-0.64
5.25,0.69
6.09,2.19
2.17,0.34
-8.15,4.76
-9.6,8.94
7.01,1.43
-1.1,8.47
7.28,-2.19
-4.63,-0.8
1.38,-4.98
-9.84,-1.11
-5.04,7.03
-6.09,2.42
3.38,-5.92
8.11,-7.09
-8.16,8.97
9.96,3.29
7.43,6.62
-9.53,-7.21
-2.61,-1.25
8.19,-6.8
-7.19,-3.82
-7.05,-0.1
0.62,-3.3
-5.46,8.42
-0.64,-3.05
9.17,1.29
-3.48,4.67
-0.06,-4.01
-4.02,-2.72
0.14,5.61
6.49,-9.94
-9.54,-1.67
-4.11,-0.85
-9.67,1.78
8.57,-3.27
6.32,4.18
-8.2,-4.7
-2.69,-8.59
5.34,1.62
-1.69,3.94
-4.45,-7.17
-2.24,-4.37
-9.81,-3.24
-0.11,-9.21
-4.45,-5.3
-8.15,4.38
7.25,0.19
-5.65,6.76
-0.53,9.37
0.56,-7.99
-8.36,7.56
-2.08,3.22
3.5,-2.09
3.29,0.81
7.24,4.4
0.36,-1.67
1.43,-0.84
8.78,-1.78
8.11,6.27
8.98,3.76
2.36,8.26
3.78,5.46
9.99,6.64
-6.49,2.32
7.67,6.94
8.88,5.45
-2.46,0.96
-8.78,0.16
5.37,-0.37
3.12,8.15
-3.59,5.61
-6.78,-4.52
2.71,8.13
-3.61,0.42
5.84,-7.18
7.83,-0.72
-6.72,0.86
4.57,-4.74
5.24,-8.43
4.4,7.55
-0.17,-1.08
-7.43,7.93
9.58,-3.19
3.68,0.01
8.81,9.65
4.12,-3.33
-0.98,-3.91
-9.81,-3.75
9.98,-2.78
4.97,5.68
1.1,0.06
0.16,-3.12
2.78,-9.66
3.71,-6.35
-4.84,5.17
9.7,-8.17
5.42,2.57
8.49,-6.62
2.69,-8.94
-8.79,0.54
-2.45,-1.39
-1.83,9.47
-7.69,9.66
-7.63,4.03
9.82,4.09
-7.52,1.17
0.3,-6.93
7.01,-1.12
-8.29,6.03
-9.98,0.88
8.35,-0.99
8.68,-8.22
2.24,0.3
1.12,-9.6
9.8,0.86
4.63,-4.49
-3.39,-7.45
0.74,-8.71
5.01,-8.81
-6.93,-4.22
-8.96,-3.57
4.7,-7.07
-1.3,-4.11
-4.93,3.12
-3.67,-6.7
-9.61,-1.78
-4.38,-6.76
1.03,-0.51
3.88,-1.1
9.33,6.41
-4.65,-3.92
-1.49,3.28
7.63,-3.85
2.6,-8.5
-4.02,9.18
-7.03,2.18
8.2,-1.79
-7.87,-7.15
8.05,-5.25
0.13,5.56
-3.54,-6.37
-4.96,-4.46
-2.78,-0.64
-9.18,5.32
-4.73,4.56
-3.59,-4.67
3.85,-8.84
-6.42,5.31
0.44,-4.12
5.65,4.19
0.09,8.54
-2.64,-0.81
-9.46,-0.82
4.36,-2.97
3.64,-6.23
1.78,-0.89
3.1,-7.08
9.53,5
2.96,0.86
-3.19,6.95
6.84,-5.76
-9.73,-3.81
9.94,0.97
-6.45,2.67
9.09,-6.5
8.92,-4.9
3.87,3.43
0.86,-6.06
-5.04,4.98
-5.83,5.96
-5.16,-2.75
0.36,9.81
-6.59,-0.09
2.22,-2.77
9.02,0.07
8.44,-3.75
-2.75,-7.07
6.03,-0.3
9.46,-3.41
5.36,8.26
-5.53,9.96
1.06,2.29
3.41,2.47
6.38,-1.42
-3.06,-0.96
4.17,4.37
1.93,-6.39
-4.35,1.65
-3.53,-5.69
9.72,8.05
0.55,-1.68
-2.49,4.41
-7.34,-2.36
6.34,-2.88
-9.49,-4.06
-9.41,-7.26
7.94,-2.36
0.77,-7.24
6.05,-1.18
-4.24,5.85
-9.17,-2.33
3.13,7.95
-5.13,2.83
-9.71,3.23
8.06,2.77
-1.63,5.39
-4.49,1.49
2.16,0.77
5.9,7.55
9.68,9.83
-6.24,3.65
0.21,9.04
-4.8,3.02
1.39,-3.98
1.55,-7.03
2.57,5.29
0.68,1.04
4.28,-2.7
2.64,6.11
8.29,-6.22
-2.79,-4.5
0.91,1.68
-0.7,-6
-3.71,-1.24
-3.34,7.02
6.69,-0.03
5.87,8.68
4.38,-2.88
1.89,-4.25
5.74,-7.86
-3.59,-8.32
2.73,-7.48
7.6,4.88
-0.23,-5.21
3.14,-5.19
8.28,1.07
-2.48,4.28
-8.79,9.39
-3.72,-8.03
5.69,-3.4
-6.27,-1.52
2.87,-4.18
9.8,-1.11
4.17,-5.78
-0.27,8.28
7.1,8.79
3.97,-9.64
3.02,-4.78
5.15,3.04
7.97,4.88
3.67,2.9
-2.5,-6.67
2.77,-4.67
5.68,-4.33
3.33,-6.03
-5.51,9.45
5.55,-5.91
-6.87,8.17
-4,0.31
-7.92,-0.99
8.96,-7.37
2.63,-0.06
-4.41,1.77
2.33,9.98
5.03,-4.83
2.47,6.86
4.81,-0.45
-9.53,-7.07
-7.87,-3.94
9.17,-2.52
-3.81,1.2
9.94,-7.28
5.73,2.57
8.61,9.5
-1.67,-8.34
-1.93,-2.6
-6.75,2.31
-8.87,-9.24
5.49,-0.32
1.31,9.74
-6.41,4.15
0.61,8.22
7.84,3.23
6.58,0.05
4.32,6.38
3.35,7.97
-2.81,-5.78
-6.85,0.75
5.65,-5.26
-3.45,5.22
6.48,-2.65
6.66,-8.13
-7.69,8.19
-8.71,6.76
4.73,-4.75
-0.36,8.98
-6.64,-7.86
6.67,-4.86
2.11,-7.77
-9.9,4.76
-0.35,6.69
-2.16,3.85
9.32,-7.3
9.01,0.38
5.64,-4.07
-2.37,2.59
-1.05,9.04
-2.66,4.56
2.48,8.18
-9.62,3.97
-2.19,-8.52
-6.88,4.46
0.08,9.08
0.65,1.34
1.76,1.24
-1.94,4.02
3.51,2.57
-4.52,-7.46
1.36,-5.2
-4.56,-2.78
1.4,-8.13
0.35,-6.68
-2.23,2.23
0.64,-0.89
-7.1,-8.19
5.56,-6.6
-4.35,1.19
-7.09,-6.99
3.24,2.88
3.07,0.06
-3.79,-7.71
-3.48,3.09
-9.44,3.64
-2.91,-7.71
-5.54,-3.32
1.7,-9.11
-4.14,8.39
5.14,6.88
1.08,0.02
4.75,0.9
5.25,-8.13
-2.39,-3.04
-6.09,4.67
6.43,4.21
-1.57,-1.63
-9.2,1.57
5.46,-3.76
-6.06,-0.25
1.16,2.87
-5.95,-3.53
1.69,-2.26
6.63,7.77
-7.34,-0.85
-6.89,4.85
9.98,-4.75
-7.17,2.2
6.97,4.08
-3.42,-2.69
7.27,-5.97
-4.58,0.05
1.84,-0.24
1.15,-4.49
5.29,-8.04
-7.9,5.04
-2.58,5.94
6.54,-0.17
-7.46,8.82
-8.01,1.56
-0.16,-9.37
-1.88,7.07
-4.96,0.62
7.8,8.72
-6.65,4.89
5.43,0.24
-4.06,-8.99
8.7,-9.75
-9.47,3.82
-3.35,1.43
3.49,0.91
4.34,0.18
9.23,-7.08
-8.8,-0.21
5.2,-0.82
4.14,-6.64
-5.47,-5.19
-8.53,-6.51
-4.76,7.2
6.71,-2.2
-4.16,-4.1
-1.02,6.35
-6.87,-9.35
8.31,-4.49
1.35,0.28
-9.37,-2.42
-7.43,6.29
3.03,-7.41
-3.44,6.23
-1.59,-8.17
3.81,0.8
-2.81,-9.64
0.16,6.82
-9.44,-4.03
-2.93,4.64
-8.21,-4.15
5.74,-4.56
5.94,-4.09
-8.12,7.33
3.78,-2.14
5.35,8.39
6.93,-6.13
0.34,-1.87
-0.85,-5.07
-9.89,-3.2
7.6,-4.57
-5.42,-8.48
5.97,-4.33
9.84,-8.24
-7.69,0.48
2.39,9.54
7.39,-0.52
-9.88,0.76
-6.76,3.46
2.13,-5.22
-4.2,-4.34
6.28,-8.18
0.64,-0.48
5.6,-0.65
4.47,7.71
-5.74,-7.66
-3.48,-1.83
-7.42,-9.03
-8.76,5.15
1.99,9.41
-3.03,-5.72
-8.15,-8.36
8.21,0.37
-2.46,-9.59
8.2,-0.28
-7.51,5.41
-1.23,-6.1
-4.68,8.22
9.93,4.35
-9.32,2.1
-2.1,-4.17
-1.36,-0.28
2.59,2.25
4.07,9.28
6.73,9.33
9.03,2.4
6.44,-0.76
-7.44,-9.58
-1.08,-2.48
6.31,-6.97
3.71,6.88
0.94,6.33
-3.91,1.62
-4.54,-6.89
4.87,5.35
-1.25,3.98
6.5,8.96
-3.6,-4.61
-6.75,7.85
-3.57,-8.73
7.32,-7.28
-4.75,-7.38
3.52,-5.42
-0.18,-9.1
5.74,-8.61
8.45,-3.27
-1.39,-3.6
-7.68,-4.83
7.81,-0.7
7.24,4.94
-8.82,-2.81
4.93,0.25
-5.24,0.94
-5.11,2.78
-3.25,8.39
9.25,5.84
-5.55,-5.13
-8.73,6.51
-2.85,-1.75
1.25,-0.92
-5.46,1.92
5,1.91
-5.32,7.43
-7.88,5.14
1.93,8.9
2.26,-5.68
-8.65,3.82
7.24,6.95
-3.56,-8.46
-6.94,-2.56
6.58,7.91
8.44,-1.45
4.18,-3.11
-2.73,2.03
3.7,-3.54
-3.21,2.62
3.71,2.64
-8.32,-4.64
-2.33,-8.51
6.77,1.85
7.9,-1.22
-6.89,5.73
-0.44,-2.42
7.77,-6.02
7.86,3.19
8.26,1.07
-6.21,-6.72
0.74,-8.92
4.53,9.52
6.71,-9.49
-6.81,3.28
-3.79,-6.83
1.75,-7.17
3.96,-4.57
9.98,0.48
0.74,5.15
-1.03,-5.49
-1.48,-9.01
9.27,-2.79
8.19,-2.07
6.03,2.75
-8.31,-8.12
2.07,-6.28
4.71,-5.4
-1.14,-3.47
2.15,8.79
-5.57,0.61
5.14,9.25
-4.69,3.84
-5.78,0.38
-9.29,-8.81
2.67,-2
-8.73,-3.22
-2.38,6.92
-4.32,-8.56
5.26,-7.26
-7.68,5.13
4.96,0.66
4.01,1.36
3.22,-0.82
2.67,-4.52
-9.38,-9.4
1.95,5.9
-8.24,5.59
8.05,-3.84
-3.35,1.11
-1.45,7.62
-3.95,2.82
-7.11,3.4
-0.25,-2.6
-0.67,1.25
6.7,-0.23
-9.8,-1.54
-5.38,5.09
9.79,-3.32
9.4,3.58
-3.58,9.17
-9.69,-6.66
6.72,-0.47
-5.08,4.97
5.01,-8.56
8.97,0.79
-2.61,2.9
3.78,-0.74
-3,-7.76
-4.67,-0.17
-1.21,2.49
6.42,-4.87
-5.56,-8.43
1.36,-9.49
0.09,-5.35
2.89,0.59
-2.69,-4.12
2.46,6.93
5.3,-5.22
-8.41,-7.31
5.89,5.62
2.35,-3.7
-1.71,-4.39
8.16,9.17
-3.83,-5.49
-7.44,8.62
2.84,-7.43
-2.43,2.73
8.19,-6.96
-2.47,-7.59
-3.77,5.98
-2.69,9.46
2.67,6.4
8.92,3.48
1.39,-3.26
-4.89,-9.95
4.06,4.14
-9.44,8.64
-9.23,-5.1
-9.18,-7.9
-3.71,-7.5
-5.23,7.52
6.49,-1.38
3.35,4.06
-4.64,8.61
-6.07,-5.41
2.64,0.5
2.74,-7.5
-8.67,6.4
-1.4,-8.67
1.02,0.33
8.9,-0.6
-9.63,-4.75
9.28,7.86
-3.6,9.07
8.2,-8.13
-2.68,10
-3.19,-9.02
1.89,6.92
1.48,-9.77
4.1,-5.29
