-4.82,-2.96
-8.88,9.41
-9.83,-2.67
-1.99,0.84
-8.27,-2.33
6.36,0.19
2.41,-7.74
-7.28,-5.52
3.38,-0.76
-5.79,-1.88
-7.48,-4.48
-4.98,9.28
-2.5,-6.15
-5.62,-0.88
-9.19,5.54
-3.75,-3.16
-9.88,-3.18
-5.26,-9.08
-4.98,-8.19
8.67,-4.96
4.38,8.57
-2.17,-3.52
6.15,6.47
3.37,2.4
6.45,-2.14
-3.1,-3.71
4.15,0.23
2.39,-4.34
6.51,-7.17
-0.48,2.23
9.09,-2.46
8.22,-5.62
7.78,7.05
-8.24,-2.79
-0.07,4.13
9.82,1.43
1.05,6.89
-6.8,8.09
1.96,-3
5.77,-7.73
-2.46,7.14
6.71,3.28
3.63,5.09
5.26,0.28
-7.13,-2.69
-1.51,-4.94
7.74,9.89
-6.31,4.55
0.88,2.62
1.55,-6.43
6.76,-9.37
-5.37,9.64
-2.26,5.98
7.38,-2.62
3.34,8.52
7.95,2.15
7.75,-9.8
2.04,-7.72
-2.72,3.61
-3.05,4.52
4.24,9.01
2.88,0.78
-0.8,0.76
8.06,6.56
4.15,7.76
9.19,9.54
7.11,-6.39
-0.32,5.61
-5.32,-1.81
-5.93,9.28
-9.86,-0.26
0.89,-3.66
-9.36,-2.17
6.96,1.64
-1.14,-1.17
6.73,-8.38
-4.21,-9.82
5.95,-6.42
0.01,-2.78
8.25,7.53
1.33,-3.94
-0.58,1.56
-5.98,-1.36
3.55,-7.08
-7.22,-2.22
2.84,4.13
2.68,-6.65
3.45,-6.32
7.39,-1.03
-6.05,-2.82
-6.87,1.15
0.12,-7.58
-5.08,-8.7
-0.59,-7.82
-6.83,9.87
5.61,9.7
4.49,8.07
8.78,4.28
7.37,-3.66
3.32,-9.3
-5.47,-9.34
-7.23,3.05
7.32,4.79
-5.91,-6.75
-3.12,-6.7
-6.65,6.66
3.55,-6.79
-3.73,-2.41
-0.69,-6.74
-3.97,-9.73
-7.39,-2.41
1.98,-0.96
-1.77,-9.91
-1.33,8.96
-4.23,-9.04
8.24,-6.89
2.93,8.18
7.79,-2.28
-5.43,9.02
9.45,5.09
0.25,8.32
-1.93,-9.26
-9.81,-0.14
-3.65,9.51
-1.72,-1.46
6.06,3.01
7.37,1.83
-2.93,0.81
0.66,-0.73
-6.99,7.47
-6.57,3.27
-6.24,8.28
-1.33,1.09
-3.18,-1.65
2.68,1.61
3.43,1.78
4.16,-8.35
-0.17,-1.88
0.22,-9.46
-3.82,4.82
-0.72,2.71
-2.87,-4.04
7.85,1.12
7.09,-6.08
4.84,-2.1
7.14,-5.77
6.1,-2.11
5.19,7.81
-5.02,-2.01
-0.7,4.26
2.84,-8.86
3.55,-7.01
1.07,2.15
-7.73,-8.34
8.14,-7.95
2.23,-5.66
5.53,-2.95
9.78,-1.27
-1.17,8.85
-1.94,6.24
-9.95,-0.91
4.03,9.47
-2.25,1.57
-6.94,8.71
3.71,-8.32
-4.16,2.62
-2.69,-8.02
9.75,7.55
8.1,-4.69
-9.32,2.92
-7.87,-7.52
-0.06,2.25
-3.06,-5.46
-9.42,2.51
-0.82,3.57
-3.83,-8.24
2,-4.59
5.05,-7.06
5.37,4.73
8.88,5.05
0.2,-9.13
1.79,5.73
-4.45,-8.36
1.23,0.66
-1.16,7.19
1.39,2.23
3.82,1.55
6.98,5.43
-8.05,6.66
-6.51,-0.34
0.84,-2.01
4.63,-6.94
-9.09,-2.24
8.49,-8.42
3.85,7.22
-7.22,4.09
-7.73,-9.4
-8.64,-4.63
-1.6,-3.16
-4.92,0.23
7.81,-5.14
-4.53,4.14
-4.95,7.44
6.55,-2.5
7.46,0.09
7.03,-3.55
-9.5,-7.4
-2.34,-6.25
6.91,0.34
2.64,-0.04
-1.26,4.66
4.77,-9.76
-5.25,-9.99
-1.24,-8.32
1.91,-3.37
-6.54,1.05
6.87,-8.23
0.75,-9.59
-1.46,-8.13
4.58,3.98
-4.5,6.96
6.42,-0.55
-6.54,5.15
-0.09,-8.78
-9.15,-8.28
-4.97,9.69
-8.52,-3.22
-2.68,-2.03
1.13,-1.82
-4.61,-9.74
-0.81,-6.95
8.73,9.93
-6.88,-5.16
9.5,-3
5.78,2.13
8.63,2.1
-4.65,5.09
-8.69,-8.35
-7.9,1.77
5.33,2.51
-4.19,5.5
4.99,4.39
-8.48,9.08
0.84,-4.57
-6.27,5.68
-6.5,4.6
-0.41,-5.7
8.05,6.6
-1.22,-2.7
7.55,1.54
-5.94,3.04
9.72,-7.54
-5.83,-3.34
-6.88,7.07
3.19,7.69
-1.64,8.6
-9.66,-7.36
4.9,4.96
7.5,8.6
-1.36,8.45
-7.75,-4.2
-8.06,-4.66
7.92,6.63
-5.3,0.1
-8.39,-2.47
6.95,-2.04
2.89,-8.03
4.35,5.21
-9.42,8.77
-3.31,-9.97
1.44,-4.08
4.6,3.29
3,0.51
4.46,2.43
-3.29,7.98
5.31,-0.46
7.94,2.81
3.57,4.17
1.3,-5.75
-9.41,-0.66
-2.54,2.05
8.2,-5.36
7.91,3.22
-6.92,-3.69
4.5,-4.9
-9.3,1.14
-3.37,-3.93
0.39,-6.09
-6.78,-1.57
8.19,-0.64
9.07,-5.82
9.54,5.34
1.34,4.77
0.68,-2.63
1.48,-7.31
-0.52,2.59
9.72,-7.18
-5.04,-8.66
-2.66,3.68
0.07,1.73
8.36,3.1
2.47,-1.13
5.61,-7.43
-4.77,1.95
-6.41,3.63
-9.27,-6.13
1.77,-3.45
5.69,6.68
-6.83,3.67
8.1,-8.11
7.67,-3.41
7.51,-9.14
6.71,9.4
-7.77,0.72
1.91,-3.65
6.97,-0.29
6.18,-7.56
2.84,-5.21
-1.16,-4.85
-1.46,2.29
-7.16,8.82
1.53,9.48
7.56,0.36
-5.1,-7.84
6.51,6.74
3.24,8.18
-1.02,7.31
9.34,2.77
9.4,-3.07
6.89,-3.41
5.03,-4.67
0.55,-1.3
-7.26,-1.42
-0.4,3.39
9.54,6.86
2.48,-8.38
-7.15,4.7
6.33,1.16
1.27,3.01
-5.63,-1.71
-0.39,4.01
4.2,4.72
7.97,4.13
6.61,-4.53
-5.57,-4.68
0.67,-0.22
-8.6,3.23
-4.34,9.17
-7.81,-1.57
-4.8,-2.46
7.93,-1.73
-4.7,3.21
-1.08,4.25
-2.2,-4.44
1.85,-2.81
-0.25,-9.26
-5.72,-9.22
-4.6,1.17
-0.69,8.34
0.98,0.75
0.07,7.34
-1.56,2.38
-6.65,-8.42
-0.06,-1.19
0.22,9.32
5.53,7.58
-7.22,2.11
3.4,-8.09
-1.7,-4.64
2.58,-0.36
-5.82,1.98
4.71,2.7
3.68,4.12
-1.53,5.47
5.48,-1.55
1.97,3.56
6.78,1.79
-2.96,-3.72
-7.06,-9.97
-5.7,-7.67
6.83,-3.34
6.62,-2.02
-6.23,8.45
6.18,8.66
5.6,5.43
2.73,-5
-4.77,7.35
-8.11,5.82
8.5,2.55
6.74,-5.05
5.97,9.12
-5.55,2.78
9.68,-6.01
-3.75,-4.6
6.91,-5.76
2.64,4.34
6.05,-3.58
0.63,1.78
4.25,-2.03
-5.49,9.96
2.75,9.04
2.72,3.85
-2.28,5.75
8.22,4.82
-4.6,-6.92
1.2,0.88
-6.3,-8.44
-9.83,5.86
-6.1,-2.44
-0.59,4.82
3.85,-7.54
7.53,6.88
-4.55,1.6
8.43,-5.74
2.03,-1.38
3.57,-6.32
8.93,-1.75
9.36,6.06
5.01,-0.3
8,0.48
3.24,-6.38
7.69,-5
-1.31,5.44
-5.29,5.09
8.91,4.22
-2.01,-4.11
2.43,-4.97
-2.48,-7.73
4.35,-2.39
6.64,-0.2
3.92,-3.32
9.53,-7.53
-2.61,4.14
-2.05,6.91
-0.4,-3.12
1.57,1.05
-9.86,6.24
8.42,-5.03
-6.48,4.78
-4.63,2.97
-3.38,3.05
-5.22,-4.88
-5,-6.31
-3.85,-9.68
8.82,-0.62
8.36,1.58
3.23,7.45
-7.51,8.21
-3.64,-6.17
-3.59,-6.08
2.25,-9.58
-7.32,-5.51
-7.81,3.91
8.93,1.35
1.52,-2.32
-8.13,9.66
-8.77,4.22
-0.12,4.22
-2.7,-8.6
5.66,-6.3
-1.27,-4.29
-7.64,-8.81
-7.77,-7.19
-3.03,3.44
6.74,9.91
-6.91,-5.06
4.82,-2.71
1.46,-1.32
-9.65,0.18
4.74,-0.42
-4.41,2.65
-3.56,-1.58
9.32,5.45
-2.68,-7.8
9.4,-2.52
-7.77,1.77
7.94,9.46
2.75,-0.41
-4.86,9.05
-8.21,-2.3
-3.72,-4.98
7.85,-3.56
9.93,4.8
-8.11,-3.2
1.31,6.1
8.54,5.1
-4.16,-7.18
3.23,3.55
-7.13,6.28
-7,-5.25
4.62,3.63
-8.54,-2.67
2.35,-0.81
3.57,1.97
-1.72,-6.07
9.77,4.09
-0.14,1.49
1.57,9.48
3.63,-3
-4.25,5.39
5.35,6.33
-0.48,-4.01
3.87,1.45
0.33,7.12
-3.32,0.28
2.92,8.77
-0.76,7.48
-2.14,-4.05
0.09,-1.57
9.25,-0.35
-1.98,-2.58
8.81,-9.64
-5.28,6.68
-7.51,-0.6
-2.79,2.52
4.83,2.69
-5.16,-7.18
-7.32,0.32
-3.92,-7.4
-0.35,-5.89
-2.68,6.91
-3.4,3.59
4.49,2.17
-5.25,4.57
7.82,-2.74
-4.14,-8.09
7.92,4.9
-6.23,-8.4
-8.78,5.02
-9.15,-4.76
-0.41,-2.63
-2.96,-4.43
0.29,-8.5
-4.19,0.79
8.21,1.21
-7.78,7.77
-7.28,-5.15
-6.36,-8.69
8.2,6.74
4.8,0.42
-5.7,0.6
4.82,1.27
2.02,9.36
5.96,4.7
3.63,1.07
7.11,-7.28
-2.05,7.53
-8.14,-6.31
2.93,-8.38
3.59,-9.34
1.39,1.78
-0.14,-8.96
-1.19,5
1.74,6.9
-1.12,9.73
3.38,-8.2
-7.64,-2.21
-3.37,-1.36
8.2,1.26
-9.43,-7.07
8.79,-7.17
-3.55,8.2
6.71,9.21
-3.53,5.62
-3.28,-8.27
-7.01,7.42
-7.13,3.31
-7.34,0.18
4.31,9.32
2.7,5.68
-8.1,-3.09
6.1,3.96
-5.28,3.29
6.68,-7.01
-1.58,8.52
-6.47,-4.92
8.63,-1.26
-2.63,-2.38
-9.5,2.67
7.34,9.54
9.79,1.93
-7.66,-2.12
4.22,0
3.02,-6.44
-6.71,2.2
-3.57,1.26
0.05,8.49
-9.28,1.37
-7.5,-9.06
-1.29,-5.01
-7.36,-2.88
6.11,-0.15
4.96,-1.05
-3.16,9.63
-4.31,-7.32
-0.14,-5.02
4.98,8.25
5.84,-9.98
4.7,9.65
3.85,-7.9
-7.74,-6.34
7.05,-5.93
-7.41,2.53
6.03,4.79
-8.69,1.49
0.57,4.15
7.12,-0.75
-8.23,-9.99
-9.43,6.73
3.01,-6.9
2.85,-6.64
7.25,4.9
0.86,-9.31
-6.41,3.32
-7.78,-5.15
-6.19,-5.97
1.97,-3.2
9.99,0
-8.76,-7.63
0.16,-9.89
-9.98,9.39
-3.63,8.03
0.4,2.28
9.55,-0.56
-0.43,-1.41
1.77,-2.27
-2.98,5.65
-7.93,-7.35
4.14,-3.63
-9.9,-3.25
-8.63,7.15
-8.72,-7.29
2.79,1.67
-6.72,-6.57
-1.69,5.96
-0.42,4.05
3.76,-0.52
-7.49,4.64
8.35,8.3
-5.09,-9.6
-8.87,2.52
8.72,-7.17
6.39,-8.03
-4.6,-1.1
-3.85,2.27
-6.49,-8.92
7.18,-8.61
-0.78,3.01
3.22,-6.9
0.49,-2.83
5.74,0.11
8.76,-7.7
-0.52,-1.44
2.4,-2.37
7.14,6.79
7.62,2.12
3.15,-2.22
-2.34,2.86
1.94,-2.53
5.07,1.34
9.93,8.97
-7.88,4.09
8.69,-1.76
6.46,9.24
-4.89,9.82
6.3,9.18
4.76,7.21
6.98,-3.52
4.34,4.23
4.72,3.95
9.34,-7.81
-1.91,5.32
-5.61,-9.71
-4.09,1.8
3.51,-6.81
6.98,-1.39
3.25,-7.66
-7.02,5.07
-5.65,2.07
2.47,0.53
5.82,2.63
8.14,-7.52
7.09,-1.39
2.7,9.86
3.03,-9.45
4.35,4.34
-4.07,-9.06
-4.24,4.9
1.04,4.02
-5.74,-5.3
6.3,-7.72
6.91,-6.97
-7.88,9.16
-6.16,-7.12
1.64,-9.16
1.62,-0.61
2.39,8.04
-7.81,8.96
-8.74,9.39
8.47,-6.81
-6,-8.17
0.98,-7.42
0.83,7.72
-3.17,-9.74
2.7,3.9
5.43,8.74
-2.04,-2.85
-9.86,-4.1
8.04,-5.21
-4.35,-4.76
-8.17,-6.64
-6.46,-3.23
-9.97,-8.75
-2.31,6.82
-5.82,4.76
-4.22,-7.1
3.25,0.1
-9.51,9.25
-5.21,3.74
8.55,-8.01
-1.68,-4.84
9.24,-0.14
-8.3,5.74
9.77,9.23
6.66,-4.62
4.73,-2.41
-7.73,-2.93
-7.32,5.85
9.39,8.84
-3.86,5.18
-7.98,0.69
8.86,-3.77
-1.61,6.7
0.62,4.6
-2.69,1.65
-1.58,-6.18
-5.88,-3.24
-9.88,6.56
3.67,2.62
-5.2,5.94
7.28,5.22
-6.23,8.41
-2.26,-4.7
-0.19,-9.15
-1.12,0.96
9.96,1.62
2.61,-2
4.05,9.47
1.51,-5.94
-1.38,5.95
8.14,2.24
-9.61,-0.56
-9,-4.76
1.01,-4.42
8.1,6.48
-9.08,-2.7
5.58,6.33
-7.78,5.39
-7.56,5.58
0.79,2.37
-0.65,-4.62
3.91,3.86
0.16,-7.29
-7.51,4.18
-6.49,9.32
-3.65,-9.46
7.89,0.85
2.91,8.26
9.6,6.65
-6.64,-8.54
-4.05,2.55
-0.42,-9.15
0.42,-0.61
0.91,7.48
-4.47,-7.59
5.51,6.67
-6.2,0.82
2.9,-3.88
-2.45,4.3
8.21,4.78
-0.61,-8.16
7.2,-0.96
-1.3,-9.08
-0.01,-0.59
9.91,5.18
1.36,1.35
8.66,5.21
3.22,-2.32
-9.96,-6.6
5.55,4.57
3.82,-9.24
-1.17,9.66
1.86,2.8
8.49,-2.26
-4.95,5.27
3.06,0.01
-8.99,0.52
-2.63,9.76
4.7,8.23
7.59,-1.25
2.93,9.02
-1.53,-2.93
-3.01,1.98
-8.6,-2.35
-7.4,4.99
-0.75,0.67
-7.58,8.33
6.88,-0.59
-9.38,-6.89
-6.44,-7.5
-7.41,3.32
-7.07,-8.11
-9.64,-2.75
9.63,2.6
2.54,9.35
-8.25,-9.7
8.85,-7.67
-3.95,2.52
3.12,7.84
7.57,-9.08
-0.11,-1.25
-6.17,-5.6
3.52,-8.33
-8.08,-3.76
0.98,5.94
7.85,-2.94
9.8,-0.02
-2.88,-6.63
5.37,6.87
-8.6,-8.6
-9.09,-1.7
-8.48,3.25
8.77,-4.02
6.51,-5.09
-7.56,-0.79
-7.27,1.01
-9.66,-8.46
5.86,-8.8
-0.56,3
8.32,-6.24
1.55,-7.03
8.93,-1
4.43,-0.16
5.01,-8.55
-6.99,5.19
-1.85,6.23
-6.12,6.55
-2.54,-0.79
-0.05,9.03
-3.03,-7.64
-5.77,9.95
8.61,-5.81
1.98,-4.51
-2.65,-0.25
1.42,-0.16
9.81,-8.05
-1.81,-7.16
2,8.92
-0.91,0.13
-5.36,2.38
4.75,6.2
3.89,-2.44
-9.61,9.37
-1.92,-7.9
-5.6,-6.95
2.23,-3.76
5.57,2.33
9.57,-4.97
1.34,-3.42
-3.4,2.51
4.82,5.1
4.88,4.1
-8.63,-8.14
-5.54,9.57
6.09,2.5
0.96,9.63
-7.19,-0.55
-5.55,5.21
7.67,-8.96
-6.87,1.67
-4.34,5.62
5.54,5.28
-9.04,-0.59
4.44,7.96
3.72,3.24
-7.83,2.4
3.66,8.71
6.48,7.92
-2.83,-7.31
2.34,-7.87
-7.78,-9.87
5.97,-0.41
2.48,5.58
7.94,9.02
7.51,-4.5
1.6,-3.05
1.98,-8.14
-5.84,4.81
8.55,-1.27
-5.23,-5.87
9.97,2.39
5.28,9.68
2.61,0.73
-2.66,2.09
4.78,-7.81
4.06,4.7
7.6,-2.2
-9.02,4.42
-6.42,5.46
-1.23,-6.76
4.15,-6.38
-5.55,4.14
-0.6,6.75
-6.93,7.98
-1.73,-2.1
-8.38,-8.02
8.04,1.34
-9.91,9.15
-5.37,7.52
8.64,-7.99
-3.64,8.33
4.85,5.91
-5.32,3.22
-3.77,6.76
2.4,-1.94
8.9,1.82
5.99,-7.86
7.37,8.84
-3.44,6.69
-5.28,5.39
-2.79,-9.13
-9.92,-0.91
1.26,-6.67
6.67,0.24
-6.11,-8.64
-2.14,2.58
6.05,0.11
-3.21,-4.02
-8.89,-1.02
-2.74,-3.34
9.17,-0.93
-3.8,-8.66
4.85,-7.58
5.12,-4.12
-2.48,2.7
-9.71,6.83
-5.63,-9.67
9.47,-9.99
1.14,-2.22
8.57,1.83
-0.76,7.08
-4.6,7.74
1.4,2.98
6.66,7.28
-4.15,4.84
-2.66,2.76
7.86,1.66
7.16,0.08
6.44,2.54
-6.38,5.37
-3.47,3.32
-0.64,9.3
-4.85,5.24
1.2,5.74
2.92,2.49
2.57,-7.71
-6.66,5.76
5.79,0.13
-5.48,9.59
7.41,7.71
-6.86,-5.12
3.65,4.09
4.23,-0.06
-3.7,-8.39
6.22,-5.7
-5.95,-2.57
9.13,8.9
2.15,-5.34
-7.05,5.72
0.3,3.29
0.83,-5.36
-9.46,0.63
-0.29,-1.8
-0.78,1.14
8.71,-5.01
-4.61,4.77
9.37,8.74
-7.61,2.47
5.42,9.59
-1.23,0.17
-0.42,2.89
-5.91,-5.78
8.65,4.93
6.85,2.45
-0.1,6.49
3.23,-0.7
8.45,-9.73
-5.53,-4.19
0.19,2.86
1.17,-5.96
-0.52,1.95
7.06,3.93
8.89,9.1
-1.14,2.23
-3.83,-7.91
4.44,-7.39
2.9,5.15
-5.85,9.63
0.91,-9.14
-3.32,8.2
-3.58,-0.48
6.47,2.89
-1.32,4.73
1.53,9.01
9.19,-8.06
5.64,5.09
2.27,5.93
-6.23,6.83
4.96,0.99
1.71,-7.98
5.56,5.17
-5.36,-4.08
-5.82,1.07
-6.94,-6.9
-9.59,-8.91
-4.56,-6.75
0.05,-0.15
2.61,-5.59
7.23,-4.25
6.9,5.39
-1.69,4.55
7.83,0.22
-8.44,6.48
2.65,6.75
8.99,-1.26
6.96,2.73
0.01,7.56
-6.6,9.04
-7.22,-0.09
7.33,8.1
-1.08,-4.72
4.99,-7.39
-8.96,2.68
3.21,-0.2
-7.06,-8.26
2.38,6.32
2.77,2.59
8.1,0.11
-8.3,-3.65
-8.95,8.32
6.4,6.43
-4.45,-1.05
5.66,-1.18
-7.34,6.78
-6.74,-7.59
6.85,-1.13
-0.87,-2.63
-3.97,5.31
9.65,-8.76
-9.36,-6.88
2,-3.36
-5.47,-4.35
5.79,-4.89
-2.72,-5.74
7.82,-8.73
-9.25,-5.27
-1.47,2.42
-2.45,6.72
-9.94,2.8
-8.96,9.64
6.39,-1.54
-8.47,-2.04
1.75,2.74
-3.34,-9.31
2.53,-7.72
8.44,9
2.34,8.91
1.27,-4.43
-6.64,-4.8
5.7,-0.44
-1.05,-4.14
-9.07,2.21
2.91,3.32
-5.02,7.06
-9.24,5.21
0.98,9.36
-0.29,3.37
6.91,5.17
4.74,2.31
-3.85,1.86
2,-4.54
-1.56,8.5
-4.98,6.77
-1.2,6.04
6.18,-8.31
5.84,-5.41
2.92,-5.35
5.45,-6.6
-3.58,8.56
4.86,-8.53
9.66,9.16
8.32,-5.39
-5.92,9.13
-4.57,-5.26
7.28,7.46
-3.97,5.06
-3.5,9.78
6.44,9.43
4.6,0.9
1.71,-9.16
2.66,-1.29
-7.66,9
2.53,-1.4
9.8,-5.59
-5.13,-4.63
-0.24,-5.9
5.91,1.14
-3.1,-1.15
-0.32,6.9
1.16,7.9
-4.01,1.83
5.93,-0.88
-7.91,2.24
-8.99,-5.41
5.65,6.23
6.47,9.92
7.37,-1.03
7.37,1.6
8.61,-9.91
-3.54,3.84
-4.16,-5.27
3.49,-3.47
0.43,-9.31
-8.65,-4.96
3.51,-8.03
6.37,1.2
-9.23,3.93
-6.43,-2.54
5.91,-9.54
1.05,-0.06
-9.96,5.4
0.24,0.26
-3.95,7.47
7.57,1.83
8.23,2.13
1.36,-4.12
3,-0.63
7.47,-7.9
-6.1,3.33
-5.2,-4.9
8.67,-6.08
7.65,2.41
-9.62,1.57
8.01,0.09
-2.99,-6.64
-8.1,-3.62
7.72,-5.4
-7.23,-2.24
-3.84,6.73
6.36,2.52
-6.98,6.57
-0.13,3.22
-5.87,6.75
3.66,-6.65
3.65,3.35
0.1,1.98
6.97,-2.76
-5.5,4.27
8.01,-2.79
5.43,5.46
7.35,9.69
-2.55,8.77
-4.18,-2.2
-8.51,2.55
-4.8,7.05
-9.73,-0.17
-3.58,-9.66
-5.29,4.84
-6.24,-9.25
1.61,-1.57
9.12,5.16
0.51,-2.56
4.56,-2.11
-9.75,-5.11
2.09,-7.89
0.73,-5.08
-4.75,-9.26
-9.45,8.74
-1.24,-2.65
-1.69,-1.99
6.75,-3.37
-3.68,-9.03
-6.79,-6.26
9.77,-1.67
8.43,-5.96
-6.03,-7.61
-2.96,-9.22
-8.49,3.71
-0.97,1.88
-8.66,6.53
-0.61,-4.18
1.31,2.7
3.46,4.01
-9.53,0.98
0.94,-6.67
8.15,9.22
-7.13,-9.21
-9.71,5.76
-9.31,4.66
2.21,1.73
3.86,2.84
0.4,1.93
4.97,-9.85
7.53,5.75
-2.57,0.87
7.4,-4.48
-1.98,8.67
8.94,9.27
4.32,6.51
8.74,-8.97
-7.15,3.94
8.76,0.34
7.72,-2.69
6.51,-5.2
-4.64,-9.96
5.89,6.3
9.36,-8.49
8.55,1.66
6.07,8.6
7.28,2.91
6.2,2.73
-5.19,-3.15
-0.22,0.96
9.8,4.08
8.87,2.33
-8.47,-3.46
9,-5.13
0.85,-7.07
-9.71,7.15
-5.41,9.69
7.11,-0.14
7.1,6.89
-8.48,9.54
-1.2,6.84
-6.94,2.26
-7.95,0.43
5.21,-5.34
-0.21,3.69
1.97,-5.62
1.29,-3.97
2.03,-6.85
6.46,5.36
7.54,7.41
-5.22,4.72
-5.53,7.76
-2.12,-9.91
1.35,3.96
0.4,-1.09
-2.08,-6.39
-4.02,-2.66
-9.77,8.64
0.88,1.85
-5.33,6.04
1.61,-4.91
2,4.32
2.66,6.93
-2.32,-7.3
8.62,-0.54
4.87,3.6
-9.34,-8.9
0.38,6.95
-6.06,1.77
-4.44,-7.66
-8.65,2.07
5.04,-5.47
-4.22,8.28
-8.05,7.01
-1.66,3.12
-4.47,-7.49
-2.61,4.1
5.39,3.7
-7.94,-8.57
2.89,-0.61
-9.21,8.98
7.49,-6.98
-0.89,0.94
-0.66,-6
-3.01,7.37
7.75,9.69
9.66,7.43
-7.65,1.96
9.23,1.56
-6.7,-7.62
-6.06,-5.5
-6.37,6.87
1.51,9.33
-5.67,-2.2
-7.29,-3.34
4.76,0.18
3.58,7.54
8.25,6.36
0.81,-7.3
-8.36,-8.79
-5.33,0.07
7.57,-4.51
2.51,-0.94
-0.43,6.91
7.52,-1.19
7.1,-8.53
6.6,5.09
-3.61,-3.85
-6.48,6.73
3.87,-9.79
-2.52,-4.11
3.84,8.02
1.03,8.63
2.81,4.68
9.97,4.97
-8.31,-8.49
-8.09,-6.72
-0.85,0.46
-0.91,-6.84
9.81,-9.34
3.6,5.57
2.73,3.43
8.79,-0.95
8.6,6.59
6.99,1.18
2.54,2.09
-5.23,-8.75
-3.05,7.04
-1.29,-7.13
-4.57,0.34
6.96,-6.79
2.69,2.81
-4.87,-8.94
4.39,-0.36
1.69,-5.98
7.8,-2.57
-9.48,4.57
3.15,7.23
-2.83,6.99
5.13,3.43
-6.56,6.68
3.12,6.46
9.25,-6.58
-6.24,6.86
8.99,1.06
-2.02,-5.62
4.44,-4.23
-8.08,-6.27
-9.16,9.19
6.49,0.19
3.53,0.27
5.2,6.22
5.16,-5.62
-5.85,-0.07
9.55,-5.36
-7.04,4.66
9.12,-7.53
9.85,-3.54
3.54,-1.06
7.86,-0.73
6.93,-3.01
-2.69,8.61
-4.35,-7.9
-9.08,1.7
7.99,-5.12
-3.87,-2.97
9.12,-6.71
7.55,-9.7
-3.9,-6.75
-1.89,-7.44
-0.48,-8.34
-4.97,1.87
-0.27,-6.56
9.34,3.24
8.49,-3.5
1.05,4.88
0.51,7.92
-7.85,-0.53
-2.21,-6.16
-1.18,-2.55
-8.84,9.03
2.24,-6.07
5.29,1.27
-4.01,4.13
-1.11,5.02
-7.77,2.13
8.63,-3.78
2.62,-6.91
-3.39,6.23
-6.42,-3.77
-0.5,-7.08
-8.6,-1.6
4.05,0.29
-4.24,-7.6
-9.08,0.65
0.66,-4.63
-5.18,-8.09
-7.12,1.79
9.76,-4.51
3.13,7.31
5.03,9.46
-6.91,8.37
-0.28,0.96
-0.04,0.02
-4.53,-7.18
9.74,0.44
9.21,-1.99
-6.86,-3.11
9.61,-0.02
1.99,3.63
-4.63,3.92
-0.4,4.86
-1.37,-5.07
-6.96,-8.81
-5.38,-0.17
-3.15,9.04
8.9,1.92
1.46,4.67
-9.49,-9.06
-4.13,2.1
-1.73,-5.69
8.27,-8.66
-2.52,-5.8
9.59,6.97
1.61,4.94
-4.16,-3.2
4.45,1.85
-3.54,6.28
7.3,-6.14
-0.81,-0.81
-3.55,-6.31
4.54,-0.43
-5.33,-1.8
4.99,7.2
-6.1,-0.27
-4.1,-3.2
2.88,6.64
2.85,-5.95
8.79,-8.86
3.09,-1.61
-8.38,4.35
0.63,6.25
-3.72,3.77
-5.2,4.24
-4.02,-9.41
2.61,-0.59
8.96,-10
9.01,-9.9
6.24,-8.42
3.58,8.7
0.02,5.31
3.29,-6.37
-4.68,-8.49
-6.42,-2.38
8.78,0.74
-2.93,2.45
-0.63,4.65
-9.25,-4.17
1.67,-8.02
-5.2,2.1
8.56,-9.22
0.03,-3.9
7.58,-1.72
-6.81,0.36
-1.05,-5.41
-1.06,1.08
8.08,-5.59
6.67,4.21
-6.68,4.92
2.82,3.43
5.39,-7.03
-4.04,2.11
8.64,0.73
-3.93,1.89
1.57,-3.47
-2.38,-0.93
-1.36,7.32
-4.51,-8.84
8.83,9.56
7.02,4.12
-9.17,-0.76
-9.68,5.63
5.24,3.82
-3.43,7.56
-9.03,2.49
0.05,1.61
1.01,-7.63
-0.13,6.01
6.35,9.46
-9.27,1.57
9.06,-0.56
1.63,-0.12
-1.8,-6.22
8.26,7.18
9.98,2.12
-2.73,-2.26
4.51,-6.41
2.16,5.91
-1.24,5.13
-7.26,7.65
9.9,-8.89
-0.53,-2.87
6.05,-7.94
2.4,-6.93
-4.02,3.27
-5.73,-6.97
-8.08,-3.8
0.36,6.07
-4.15,-1.93
-0.35,-1.48
6.87,6.48
8.85,9.3
2.4,2.78
7.03,0.97
-8.42,7.25
-0.52,-5.96
-1.67,-0.98
-9.75,-8.86
0.35,4.39
-1.75,-0.4
-8.4,-2.65
9.99,-9.09
-2.06,9.19
3.32,9.26
3.37,-3.32
2.19,9.49
-5.98,-5.25
-5.05,8.41
-4.37,1.51
-7.18,5.53
2.29,9.65
-8.01,-6.07
8.63,3.55
3.08,-2.71
-6.01,-2.89
-3.98,-5.1
-2.71,7.38
3.89,-5.23
9.02,5.49
-7.73,-7.34
4.88,-9.27
1.13,9.22
2.69,-9.43
3.54,-1.88
-0.91,1.48
-9.98,-0.11
-3.77,8.08
-2.55,-4.89
0.25,-8.29
8.53,-5.39
2.02,-6.49
-9.66,-0.4
-5.12,-0.34
-5.85,-3.95
9.27,-4.79
5.52,-8.33
4.31,6.35
-5.65,5.36
-4.05,4.78
-4.1,-8.12
9.08,9.58
7.41,7.05
8.96,5.45
3.65,-6.5
-3.04,-8.84
-1.55,-9.76
3.77,8.52
7.53,0.29
-8.69,4.41
1.39,6.29
-2.66,2.77
-2.92,3.82
-7.65,3.95
0.03,4.68
0.31,-3.54
-6.59,2.3
3.07,8.79
-1.58,-3.22
5.54,-7.21
8.07,-9.27
-9.96,-5.53
7.2,7.05
2.89,8.01
4.94,7.09
8.46,9.02
-3.35,1.89
1.77,9.25
3.47,-1.5
-1.45,7.1
5.29,9.24
-5.57,-5.03
-4.24,3.33
-4.32,4.89
-3.18,4.09
-7.32,3.54
0.81,-2.56
-2.53,-2.57
0.33,-4.57
-5.68,-1.33
7.31,-1.58
6.92,-4.29
-9.69,0.24
-6.35,7.45
-9.23,-3.87
1.88,-8.47
3.97,0.72
3.36,-4.81
9.49,-5.02
1.67,-9.05
-1.1,-9.48
9.81,9.34
6.71,-2.95
-6.54,-7.62
-0.37,9.7
-4.05,3.26
-1.25,5.06
-3.59,-2.53
-9.87,-1.66
-0.67,3.24
-6.89,-4.95
-2.95,-6.3
2.43,0.04
3.05,0.2
-2.07,8.92
-8.65,1.03
-9.5,-1.08
-7.93,-0.58
4.57,3.01
-7.23,4.4
7.32,-4.96
-0.77,0.99
-3.8,8.88
-1.23,-0.57
6.72,0.7
0.51,9.55
-3.9,0.11
1.43,-0.65
-7.13,-4.08
-7.24,-5.45
-6.16,-4.4
-9.9,9.84
-7.16,-3.75
-1.31,0.96
-2.79,4.71
-6.95,8.23
-3.83,-1.43
-6.69,2.36
-0.44,7.96
-3.18,-6.61
-0.33,-2.87
-4.42,6.19
1.64,-7.93
-4.82,7.29
0.82,3.62
-5.02,-3.07
2.18,-5.17
9.59,-7.6
4.23,-4.53
-0.89,-4.63
-2.27,-4.46
9.52,-4.49
-0.7,-4.81
-1.3,2.62
1.51,9.6
-0.56,6.73
8.97,5.47
5.4,4.09
-6.78,-3.38
8.15,-9.11
-8.09,1.41
0.86,0.22
7.27,8.3
-2.51,2.34
0.45,-9.43
9.24,-1.74
0.17,5.67
7,5.17
9.74,6.43
-3.33,-7.69
-2.31,-8.79
-8.63,-1.39
-2.71,-2.21
8.31,-7.2
0.5,6.5
2.24,-7.82
2.47,9.89
-8.98,-5.97
9.59,2.36
-4.86,3.49
-2.97,-7.77
-4.91,8.19
6.3,6.08
-4.79,-8
4.71,9.86
7.24,3.72
7.75,1.83
-9.64,7.28
0.51,2.53
-9,9.62
2.87,-4.79
4.4,-7.97
2.47,4.43
-5.68,6.33
9.66,7.25
-6.37,-5.7
-0.64,3.13
2.55,-0.95
-4.95,9.77
9.32,8.48
4.44,-4.4
1.94,-6.57
-1.21,-8.9
-8.29,6.53
-8.79,-4.34
2.33,9.52
2.26,-6.7
4.71,4.13
-7.63,7.35
1.56,-6.25
6.88,-1.98
-5.92,-5.51
-1.55,-1.87
7.4,7.17
-9.06,-0.21
-8.46,7.53
7.76,-8.78
0.19,-0.51
-9.74,-7.95
-4.19,-7.68
-9.15,9.48
4.22,3.96
0.33,-4.44
1.72,4.99
2.52,-6.23
5.69,0.56
-0.76,-3.54
7.95,-6.51
-8.56,-7.09
6.87,1.1
9.55,1.16
-5.54,-1.77
1.22,0.04
4.48,4.4
-7.18,4.37
-9.28,1.42
9.3,1.47
6.83,2.81
-6.79,6.24
6.09,1.76
-4.51,-7.26
-3.58,-5.03
0.45,-5.51
8.07,7.06
-3.53,6.83
7.1,1.07
2.38,4.52
4.16,2.03
-0.14,-5.17
8.77,9.33
-5.59,2.01
5.53,9.3
-3.92,-4.51
-5.6,2.63
-1.03,1.8
9.75,-1.75
-9.26,4.01
6.44,-6.43
8.09,4.24
-9.22,-9.08
5.14,-7.4
-4.08,-8.43
-6.76,6.58
-1.62,-3.33
6.84,-3.46
-5.09,8.62
1.47,-7.66
2.55,-0.29
6.69,-4.72
2.41,-8.07
2.33,-3.57
2.03,-5.22
-9.83,-9.08
-1.02,9.72
-8.6,-5.6
-1.45,-4.95
-1.91,-2.52
0.04,3.61
-0.78,9.7
4,1.37
8.06,6.22
1.88,-2.9
1.06,-2.18
8.08,5.64
6.48,-0.56
-5.13,4.21
0.59,-2.56
3.31,0.8
2.69,5.09
2.63,-7.13
7.56,9.3
6.25,5.3
9.74,8.15
7.11,-3.55
7.94,3.4
9.04,-7.4
-4.7,8.95
7.81,-1.69
-7.87,1.68
-1.57,-6.47
1.15,5.93
-5.2,2.28
4.72,4.34
4.31,-6.28
-7.59,-3.2
4.13,-5.78
7.55,-3.57
9.08,7.25
4.69,8.16
-0.07,1.76
9.77,4.39
-1.78,6.63
2.11,6.38
-3.42,-3.39
4.96,7.64
1.47,9.76
1.91,7.38
0.13,-5.55
6.66,-6.1
2.65,8.08
8.54,-5.83
-8.55,-8.28
1.65,1.46
8.35,8.72
-4.89,-1.79
-7.66,-4.26
-6.6,4.54
8.78,-7.1
8.34,-2.67
-8.49,2.55
7.79,-8.06
2.2,6.2
-3.18,1.7
4.23,-2.98
8.24,1.63
-3.85,1.47
-9.59,5.53
5.46,-2.9
-4.05,-3.26
-5.02,-0.33
-8.54,-0.1
9.25,6.46
-7.3,-5.19
-0.72,-8.29
-2.24,4.21
-3.62,-6.31
4.23,-8.76
-9.29,-8.74
5.69,-4.83
8.28,-1.32
-1.96,-9.87
8.92,6.99
4.9,1.49
5.65,4.6
-7.2,-9.53
7.16,7.97
9.87,2.35
-7.72,-7.04
0.98,7
6.42,-9.17
2.46,-2.14
-4.64,8.57
9.8,5.15
5.09,8.09
-4.53,-5.01
6.08,-4.74
6.92,-8.75
-8.62,-6.23
4.48,-5.72
9.71,8.8
-8.26,5.37
-0.37,5.37
1.5,-9.56
-2.02,9.98
8.71,-7.18
0.47,8.73
-1.6,-7.83
-2.73,-3.09
9.1,9.63
7.83,-0.01
-8.32,-1.78
-4.59,-1.58
7.98,-8.63
-2,9.08
8.22,4.54
0.76,-6.19
-7.22,-7.09
3.79,4.98
-3.33,-4.37
0.05,-5.93
-7.16,1.67
2.45,8.78
-8.69,1.58
-4.63,1.21
5.01,0.05
8.47,-2
8.1,8.04
-6.84,-9.13
2.85,-7.41
4.53,1.96
7.89,5.63
4.59,-3.43
-4.58,3.45
-6.9,4.8
-1.28,-2.79
2.49,8.77
-9,3.92
1.03,0.47
-6.58,6.35
7,0.75
-8.68,0.53
8.72,-4.68
6.62,1.65
0.75,6.52
6.78,3.36
-3.65,-8.95
-6.17,8.72
0.28,8.67
-2.93,-2.66
-2.63,3.29
5.6,-0.51
4.54,7.83
7.18,-3.32
-2.15,-1.81
-8.33,-2.58
9.85,-8.75
-9.44,5.4
4.69,9.14
1.28,-8.23
2.58,0.81
1.62,7.85
-5.79,-5.41
-2.48,9.05
0.96,-5.08
-7.86,0.43
-5.09,-7.64
1.3,3.14
-4.63,-4.06
-4.33,8.44
2.03,1.46
-5.75,8.4
6.43,7.99
-0.72,1.89
-5.57,5.07
4.35,-3.99
0.8,-7.71
-2.6,-3.49
-1.36,3.56
-5.55,3.75
1.88,-8.25
4.47,6.84
4.96,7.17
-7.34,-1.48
-9.9,8.15
-8.19,-6.83
-4.59,-0.39
4.87,-8.11
3.96,0.73
7.64,4.16
6.14,6.77
7.39,-5.68
4.26,8.26
5.25,0.81
3.53,-8.33
9.96,5.38
-2.38,-1.64
-1.21,-1.36
6.32,5.99
4.91,-7.7
0.95,-9.35
8.34,7.36
-4.57,-9.08
3.6,7
-7.02,-6.24
1.11,7.09
8.69,5.8
-2.61,1.62
3.07,0.97
-3.18,-2.89
8.01,3.55
0.8,2.69
-5.96,-0.39
-3.98,9.72
-6.91,6.13
0.14,-3.71
-9.88,-4.53
8.1,-5.93
-7.36,3.24
2.15,6.27
5.36,6.62
4.51,-7.44
-4.9,3.85
-5.81,5.25
-3.12,-5.53
-3.09,9.71
0.83,-9.49
-8.24,9.14
-9.88,1.69
-1.95,-3.14
7.9,3.81
-0.75,-5.83
8.92,-4.42
-5.1,-4.68
2.67,-9.51
3.87,-4.51
-3.24,7.25
1.41,5.24
0.25,6.32
0.14,-0.3
-3.49,1.26
6.91,9.4
-1.37,-6.87
5.88,-7.02
1.29,-3.91
-7.49,3.43
-8.33,6.79
8.93,-3.97
9.91,-1.93
5.1,-2.45
2.7,8.49
-5.87,-0.82
-4.12,1.59
1.81,4.02
5.22,-1.38
-1.36,2.03
0.61,8.15
-7.36,-3.04
-9.54,-5.51
1.48,6.62
1.57,-5.63
-7.09,2.39
9.38,-9.28
7.51,-5.29
6.75,6.8
1.45,-7.03
-9.04,4.18
3.49,7.12
2.96,3.33
-5.76,9.5
-4.5,-5.66
-8.7,6.17
-2.97,-6.33
6.28,9.77
2.45,6.94
1.69,-5.46
3.98,7.94
4.48,-5.77
6.31,-9.26
7.87,6.31
7.04,-5.46
1.66,-9.25
-9.23,-6.27
-9.86,-9.57
-5.13,-4.28
-8.62,2.98
2,0.34
-8.5,-7.31
-3.52,-6.04
-5.65,3.58
4.78,5.32
-3.51,-2.18
9.57,0.88
-4.76,-3.76
1.67,-4.68
-10,-0.43
0.33,9.66
6.37,-6.13
-1.27,8.39
-8.27,-2.13
-4.74,-4.43
3.19,8.34
0.42,-6.7
8.32,-4.73
-3.83,-2.11
3.58,-5.8
-1.99,9.38
-9.6,-2.04
-2.1,5.5
3.01,1.11
5.84,-2.34
8.21,-9.1
-1.38,2.2
-3.75,-8.21
7.79,4.52
-7.87,-8.34
-2.35,6.19
-0.02,-5.08
2.56,4.78
0.12,-0.45
4.46,-0.57
-6.6,7.79
-9.07,6.17
-2.45,2.74
0.65,4.36
-0.47,-0.35
9.19,-4.22
-0.91,9.39
-5.14,-2.59
8.64,-4.45
-7.32,0.89
0.09,9.44
-0.35,5.17
8,-9.36
-2.05,9.82
-3.22,-7.14
2.65,-0.6
-5.68,4.44
-4.03,7.35
-0.06,2.45
6.58,2.61
1.08,-1.4
-1.28,-4.31
0.1,-4.79
9.45,9.35
-4.85,-3.38
3.67,2.37
3.02,8.46
2.34,-5.39
8.41,6.1
4.63,-5.74
9.67,-7
5.71,-4.47
-2.69,7.47
-8.62,0.98
-1.48,5.9
-5.57,6.87
-1.69,-6.35
-9.19,-1.85
9.55,5.53
-0.25,3.28
0.45,-3.78
-2.26,-2.57
-6.3,-0.76
-4.75,6.84
-0.44,4.92
-0.07,9.74
8.1,-5.47
-4.52,-5.7
6.92,7.01
-2.72,-9.63
-0.55,-3.71
4.88,-5.38
-8.45,-6.09
2.41,-8.31
6.8,-2.1
2.26,8.14
3.21,5.61
4.11,-3.02
-8.37,-1.19
-5.88,9.09
6.14,3.05
-2.93,1.93
-0.82,2.19
-2.91,4.04
-9.28,9.34
-8.18,-8.75
0.68,0.7
1.98,-3.81
-0.39,-1.36
-5.69,5.38
7.75,-7.19
9.21,-0.21
-8.69,-9.07
7.41,-3.25
-7.74,3.57
9.53,-7.16
-2.67,8.81
2.92,1.3
-7.89,-2.41
-3.24,5.59
-8.63,-0.53
-8.51,2.63
-9.44,8.54
-9.98,4.52
7.07,8.39
2.04,-8.71
5.51,9.53
0.44,4.26
-8.86,2.37
0.74,-2.79
-5.21,-8.2
6.36,2.93
4.08,-1.88
3.82,6.86
2.81,1.3
3.93,7.29
-5.74,4.45
-3.33,1.14
4.05,3.52
5.49,1.58
0.5,0.44
1.94,-5.97
-3.11,4.91
-4.76,5.46
3.48,5.19
-7.85,2.19
5.09,8.55
-6.41,-2.47
8.83,-3.03
-2.43,3.12
8.86,-2.97
-5.47,9.38
-9.83,4.74
-0.2,8.49
-8.9,6.52
5.16,3.42
-1.24,6.07
-9.29,9.48
8.37,9.28
6.3,7.93
-3.02,1.07
-6.44,-8.7
-0.4,6.81
5.66,-8.53
5.49,-0.76
-6.9,-7.88
-0.43,-2.48
-1.49,4.23
-2.06,-8.25
-3.49,4.92
-0.56,-5.43
1.79,-2.33
-4.58,8.74
-9.21,-0.25
3.2,9.82
8.13,-5.64
1.63,4.43
-9.42,-1.07
6.81,0.52
3.14,4.18
6.78,6.85
5.59,-9.91
1.35,-2.47
-1.79,-3.24
-6.78,-7.71
1.98,3.8
4.14,5.98
-8.99,1.81
-9.88,-4.21
1.72,-2.49
-6.92,1.55
4.73,5.7
-3.62,6.53
-8.81,7.97
-6.53,-6.03
2.39,-1.85
-6.31,-0.23
-3,2.34
-9.39,-1.04
0.6,-5.95
-8.14,-3.94
2.91,2.82
-8.39,0.21
-4.3,4.27
0.07,-4.56
-2.91,9.94
2.97,-4.84
-1.35,7.5
-1.3,2.69
1.18,9.6
8.74,7.2
7.52,7.86
-6.54,-6.15
1.2,9.27
-4.67,1.84
2.23,-6.91
1.36,3.15
8.54,-3.21
9.77,-3.38
9.26,-2.64
5.49,-3.34
6.3,6.96
-7.88,2.29
8.18,-1.35
7.48,4.4
-4.9,4.19
-8.47,6.61
4.88,-1.98
-0.43,6.05
-1.57,-1.96
-4.13,-3.07
-9.61,0.5
-0.72,0.28
-5.5,-5.68
-4.62,2.91
-3.22,5.39
-5.16,-0.17
-7.33,1.23
-5.74,1.35
2.07,-0.73
-9.67,8.83
-2.82,-8.93
-0.2,-5.69
3.02,4.12
-4.23,4.56
3.34,0.01
6.38,2.27
-9.3,4.8
-5.02,-2.94
-2.99,3.55
5.88,-2.84
9.46,-1.41
5.65,8.1
-4.12,-0.35
-5.98,7.78
-2.98,4.19
5.48,-7.44
-5.13,1.3
-7.26,-0.9
-7.65,5.46
8.99,-1.14
6.53,-5.42
-0.84,8.64
-8.25,6.23
9.14,0.66
9.3,9.46
-1.23,2.98
-6.52,-1.72
9.33,-4.03
3.46,8.05
0.04,1.56
-2.41,-2.97
8.05,-7.32
4.1,7.93
-1.16,2.3
7.97,3.19
-9.67,5.04
-7.12,3.76
-8.15,-5.03
-7.41,6.31
0.98,2.45
-2.79,3.88
-2.73,-8.47
-7.26,-5.37
4.55,-5.58
2.15,10
4.64,-6.72
-5.52,2.52
-2.24,-4.89
-4.39,8.19
1.88,3.81
0.32,9.61
8.52,-3.06
-0.68,-6.03
4.83,2.7
5.69,-6.36
-8.6,7.53
4.9,8.15
-5.75,-0.62
-0.7,6.42
6.35,5.39
-5.44,-0.33
-4.2,-1.79
-7.51,6.14
-8.06,9.56
8.15,8.94
-3.55,-8.32
-9.16,7.51
8.14,6.92
3.15,2.18
-2.92,-1.93
-3.26,2.31
1.12,-10
-0.39,4.28
2.11,3.83
3.71,-7.16
0.4,6.05
6.19,-6.6
8.42,3.17
-6.32,7.5
-2.43,2.78
4.16,-2.64
4.9,9.93
5.58,-4.02
-8.93,3.71
2.95,2.53
4.34,-3.65
3.75,-7.33
-8.62,0.74
8.85,9.63
8.42,1.69
-7.78,-5.55
8.11,2.09
-5.22,8.81
-5.02,-8.63
-0.19,7.38
5.55,1.19
6.54,-1.18
-7.89,-1.15
3.69,-0.03
-1.76,-2.37
-7.27,-4.27
-2.38,-0.39
-9.04,6.21
1.87,-0.45
-0.26,-0.41
4.08,-5.76
9.59,-10
-4.13,5.35
-8.97,8.04
-6.67,-1.28
-4.92,1.7
3.82,6
-2.03,-8.11
9.42,-6.17
5.67,-4.45
-0.42,6.81
-7.68,-8.07
-9.28,-1.95
-5.09,6.02
6.38,-4.66
-7.79,8.78
-9.12,-7.06
1.28,0.3
-6.6,3.34
7.22,-0.07
0.5,-0.63
7.82,5.72
1.63,7.24
-3.74,-7.53
-4.54,-9.93
6.89,7.19
4.78,-9.05
-3.79,-8.51
5.35,-6.12
6.93,9.49
2.15,1.69
-5.96,-8.93
1.4,5.95
-1.38,-4.09
-8.99,5.18
-2.39,8.54
9.17,4.28
0.42,9.38
-0.22,-2.1
-3.01,-8.21
-9.31,9.11
-5.65,3.61
6.08,-6.54
3.93,-0.72
-1.78,-8.89
-6.5,-1.86
9.85,-4.35
9.01,8.4
-7.96,7.64
2.37,-2.32
8.83,-3.46
-7.61,-8.89
9.1,6.53
-1.13,-2.01
8.6,-6.58
5.01,-3.89
-3.48,-0.91
-1.3,7.92
-1.69,-1.99
-1.05,8.2
-9.22,-1.11
7.96,0.36
-2.99,-8.91
-3.54,9.29
6.87,-1.73
-2.41,5.93
7.17,4.1
-9.68,7.6
-1.69,-8.88
-8.39,2.32
2.25,-1.06
-3.55,3.35
-6.43,3.44
-1.44,2.6
2.02,0.99
2.64,8.41
6.32,-5.21
3.38,4.7
6.54,3.89
7.93,-8.07
-1.09,-2.31
6.76,6.83
8.03,3.17
8.52,-3.91
0.19,-0.56
-2.97,9.68
-3.68,9.66
8.51,1.7
8.88,-8.29
9.32,0.85
3.3,-7.13
8.07,-5.75
