6.71,-0.41
-3.68,7.38
-8.74,6.11
-0.43,-5.69
6.67,-8.38
3.48,3.8
-5.88,4.22
7.56,-4.68
5.57,1.61
4.58,7.6
8.46,5.38
-9.38,-2.08
3.37,-7.6
-5.99,3
7.11,-5.76
-3.92,-1.66
3.31,7.81
7.39,9.07
-1.54,-7.03
9.9,-2.48
-0.07,-3.48
0.29,-5.99
-9.23,-7.97
-7.94,8.3
-3.96,-5.98
9.57,9.44
-5.42,3.15
7.8,-0.15
7.23,3.04
2.48,4.23
1.1,-4.96
-9.38,1.75
9.51,1.48
-8.17,4.99
9.09,9.23
-1.62,-1.79
4.97,-7.33
1.62,2.35
1.91,-0.95
-6.25,-4.49
3.54,1.99
4.4,7.01
-9.34,6.75
9.59,-7.44
4.06,-6.49
1.86,2.06
-6.99,-0.34
1.44,-1.39
9.18,-8.81
-6.86,-2.43
-5.98,-5.81
0.46,9.2
10,-0.19
-1.06,-6.88
-9.29,3.09
-6.76,5.03
-8.12,6.43
-7.48,8.8
2.91,7.78
8.33,4.27
8.17,1.13
-4.94,-5.33
4.82,-0.49
6.78,4.61
6.56,-9.52
6.98,6.53
-1.94,-7.38
0.09,-0.78
-9.53,-1.58
-5.22,9.44
4.03,-1.28
-5.02,-9.4
-6.72,-2.51
9.04,9.53
7.59,0.12
-8.21,1.52
-2.07,4.65
-5.92,-1.84
4.69,-0.62
-9.52,6.37
-0.07,-7.6
9.02,5.27
-9.58,-5.81
6.96,8.12
3.65,4.72
-5.09,-2.55
7.09,4.97
-5.29,0.03
5.11,0.46
-0.63,-6.7
7.63,9.97
-1.91,3.58
-2.69,-3.17
-1.7,1.85
-5.21,-1.96
-7.68,1.3
-9.97,-4.32
8.09,3.35
-0.22,0.33
6.28,-0.22
-0.84,2.59
-0.16,0.21
1.77,-4.08
-8.2,2.88
-1.76,-7.21
-4.33,3.02
6.1,4.34
-2.41,0.52
-0.27,7.92
7.68,-2.96
-5.88,-3.35
8.88,4.07
-8.36,-3.82
-2.95,-9.29
0.68,0.98
-2.45,6.32
-9.71,-7.54
4.07,3.76
2,-7.8
0.64,-8.57
-4.74,-2.14
-0.3,7.97
6.33,-7.12
-1.8,-1.23
0.63,-5.5
-0.36,-7.79
-9.68,-3.63
2.97,-9.36
-6.98,-8.84
3.27,3
0.76,9.82
9.28,-0.2
-3.16,-6.93
-4.15,-9.63
-5.13,0.14
-1.88,9.17
5.17,1.84
-1.25,-0.57
2.45,-4.9
-2.47,-9.1
7.51,-8.81
-6.17,-6.33
-4.1,-1.36
7.54,6.37
4.36,-6.55
9.04,-9.71
-0.11,-4.3
1,-5.61
-2.64,-0.47
1.45,-0.06
8.01,7.58
-4.84,5.36
-2.68,6.81
9.55,0.98
4.49,2.12
8.22,-2.24
-8.27,-0.74
4.31,-9.32
6.01,-7.21
2.25,-1.11
7.97,-8.57
9.88,-5.58
7.31,3.27
4.72,8.16
2.16,3.54
7.32,1.87
9.63,-3.87
-0.66,-8.29
1.28,-0.93
9.26,-1.74
0.32,-3.45
-8.78,9.18
-5.7,-2.1
1.97,-0.16
0.26,4.19
8.19,-5.09
0.92,6.54
-7.88,1.82
2.21,1.71
9.08,9.65
4.2,8.89
-1.73,-4.29
-8.26,-3.63
7.06,5.23
-1.86,-9.66
6.22,7.34
5.77,-2.43
-0.48,1.85
3.92,-2.63
4.03,-6.21
-5.45,-1.97
2.6,-3.86
-4.5,6.15
-8.43,-7.46
2.05,6.06
-9.84,-1.05
-9.91,6.39
5.22,-1.12
-5.06,8.56
0.21,-6.94
0.68,-5.77
8.74,-0.89
9.13,0.58
-8.36,-4.33
-3.09,8.36
-9.03,-0.53
8.35,-0.98
2.27,-9.99
-6.18,1.88
-5.23,1.8
-6.99,3.46
9.16,-0.72
-3.46,-4.64
9.44,3.25
-7.24,-9.17
-0.46,2.57
3.39,9.17
-5.24,8.06
-9.33,-1.88
-5.97,-7.69
1.17,2.88
-3.82,-1.2
-4.2,3.65
-7.13,-1.78
-0.49,0.24
3.32,8.66
-1,-1.02
0.42,-7.83
8.76,8.95
7.41,7.79
-8.93,-1.38
-3.59,-6.91
0.39,-0.07
-4.53,-1.1
7.94,-3.5
3.38,4.4
-9.71,-7.51
4.65,-9.86
5.77,-1.52
-5.77,1.15
7.94,6.75
9.34,8.95
-8.31,-8.01
-2.72,-4.17
-1.98,2.69
-9.21,-9.33
2.03,4.53
6.65,-6.98
-1.51,-8.11
-7.69,0.34
-4.57,-1.88
3.17,7.41
7.79,-3.04
-6.58,7.1
9.75,8.28
-3.85,-1.6
-1.62,-8.67
8.94,-8.04
-1.45,1.3
-5.18,6.05
-9.85,-7.34
1.12,-5.63
-4.53,-6
5.32,0.26
3.41,-3.22
7.85,8.67
-2.63,-7.79
5.84,-7.18
6.38,7.71
-8.48,5.28
5.3,-1.35
-7.35,-3.01
4.42,-6.68
-3.66,-9.89
-8.97,2.67
-9.06,-2.68
-2.32,4.29
9.54,5.79
1.29,-0.52
-5.45,-3.88
-2,9.72
4.29,-3.9
-9.67,7.39
1.37,4.44
-9.02,5.98
9.48,-6.79
9,-2.74
-1.03,-1.9
-2.05,2.09
-2.73,9.21
4.42,8.45
0.59,-1.44
6.76,0.31
-4.67,5.67
2.94,5.05
6.34,-9.4
-1.81,4.92
-4.5,-7.3
-2.49,7.61
-1.88,4.73
-3.44,-3.83
9.35,-3.09
-9.87,-1.72
-1.58,3.02
1.45,8.31
9.49,5.07
7.23,-7.93
-9.01,0.63
6.36,-0.23
6.94,7.24
-0.67,4.34
0.68,-6.97
-6.54,-4.71
-0.14,-9.08
-7.75,-7.26
0.89,-8.36
-4.61,6.43
3.24,-0.11
-6.55,4.02
-3.84,-0.63
-4.12,5.25
1.14,-9.78
-4.99,-6.37
-5.27,6.07
-8.09,-2.57
-0.89,-7.23
0.27,-2.98
-5.27,-5.75
2.15,-6.28
8.72,9.9
1.2,-7.39
-4.62,-2.31
4.62,-2.32
5.99,-5.2
7.78,-6
7.12,7.44
-0.01,-1.88
2.47,8.27
-6.89,0.85
8.7,-3.88
9.81,6.68
-0.48,-5.55
3.87,-0.53
8.56,-4.39
9.42,-1.08
0.82,-6.23
-7.59,2.01
-7.14,5.03
-4.02,-8.78
3.82,-2.19
-8.02,-8.01
-9.63,1.22
7.36,5.41
-6.18,1.64
4.47,-1.31
8.67,9.57
-9.65,9.57
2.33,3.42
1.79,-9.97
4.77,0.55
-9.39,3.21
-6.4,-4.7
-2.62,4
5,7.38
-7.38,9.51
8.56,-7.46
0.52,-7.06
4.14,-6.15
-6.88,5.8
8.99,7.11
2.68,-9.28
9.55,-2.91
-6.96,-5.8
5.28,-3.06
3.36,-9.32
1.87,-9.75
7.48,8.22
-9.41,-4.16
-6.01,2.47
7.71,8.89
1.18,-9.86
5.17,4.63
-5.26,-7.73
6.27,5.71
9.47,-7.45
3.31,3.4
4.07,5.61
-9.88,2.36
-1.19,-0.6
0.22,4.75
4.23,0.32
-4.71,-5.78
1.49,8.27
-7.87,3.47
-6.31,-5.49
3.07,-5.61
0.57,-7.16
-6.23,-4.04
0.27,-5.57
-0.01,-3.01
-5.62,-3.99
-0.04,-6.6
-3.47,6.67
-4.76,-3.26
-6.51,1.73
7.69,4.12
-9.28,9.52
-1.78,9.8
-4.05,5.77
1.73,6.96
2.23,0.6
4.05,8.49
9.72,9.85
2.86,-1.31
0.38,1.57
1.46,4.28
-5.53,-0.5
-2.4,-9.87
4.44,-3.65
3.97,1.78
-1.53,-3.64
9.35,5.95
1.8,-4.42
3.75,5.32
-1.06,5.55
3.26,9.17
3.04,-4.09
4.01,-6.38
-7.09,-0.13
-3.16,7.42
-4.96,-6.14
7.03,9.72
-2.26,-2.98
8.87,8.62
5.48,-4.66
-3.13,0.31
1.51,-9.28
1.45,1.02
2.1,7.51
2.57,-0.65
5.78,2.33
6.34,-4.27
-5.23,-4.15
6.54,3.21
3.21,-1.87
5.93,-2.82
3.85,0.93
-0.29,5.82
3.8,-3.81
3.06,2.6
-5.86,0.3
0.17,-8.63
-7.82,2.15
5.31,9.78
-2.21,3.11
4.52,-6.86
5.6,6.32
3.45,8.01
8.35,-1.98
-4.32,-0.56
0.7,4.92
-6.56,-1.36
-3.56,-9.24
-5.96,-7.33
2.99,1.93
-6.81,-4.47
2.99,-5.1
0.94,-6.83
0.56,3.28
-9.3,3.3
0.52,6.83
2.24,2.77
8.75,2.04
-7.82,4.29
-0.34,-4.33
-8.04,1.63
7.9,-5.36
6.88,5.09
-9.32,9.41
8.39,5.26
6.58,-0.19
1.6,-6.57
-4.94,2.53
-3.52,-8.14
-2.6,5.76
-9.32,-6.38
-1.5,9.55
-0.41,9.05
5.47,5.64
-2.21,0.91
-8.35,-2.03
9.77,7.41
2.23,-3.28
6.16,6.73
-9.44,1.75
-7.07,5
3.38,9.13
7.72,6.93
-3.52,-9.19
-3.37,0.82
0.14,-5.57
0.43,-7.56
-9.22,0.84
-8.16,8.39
5.33,1.25
3.39,-4.85
-8.64,-2.68
-6.68,5.54
-8.36,-5.25
-9.54,-3.76
8.02,4.97
-4.02,2.63
-5.65,-5.34
-2.18,-9.38
0,3.93
-4.25,8.39
-7.55,-8.67
3.53,-9.6
-6.89,9.03
-2.46,-3.14
-5.05,8.04
-7.97,-8.86
5.81,6.7
-9.35,-7.46
-1.64,-4.88
-0.88,3.89
8.84,4.46
-3.73,-4.18
-2.13,-6.27
-6.76,-3.05
-9.71,2.7
-9.61,-3.88
8.52,0.09
8.68,-6.5
6.71,7.39
-3.81,-6.6
-0.34,6.88
-5.96,7.46
1.86,-9.21
6.43,2.42
-6.55,2.6
7.57,2.19
-7.43,-9.53
-4.44,3.01
-5.24,-5.47
3.93,4.06
-1.68,2.41
-6.04,9.52
-8.94,-9.13
6.05,-4.18
3.43,-2.25
-2.58,7.3
5.83,-3
6.85,-0.47
-9.23,4.88
-0.13,-9.63
0.53,-2.37
-4.3,-5.77
6.16,-8.01
1.64,0.51
1.92,-0.11
-2.31,-5.07
-3.84,0.18
-3.48,-2.09
8.55,-5.63
1.84,7.56
-6,-9.38
6.72,-9.92
-0.03,-3.26
3.7,-0.34
5.03,-7.79
1.59,-0.49
-6.31,5.5
3.42,-1.72
-7.72,5.21
-6.63,6.09
-6.53,9.7
2.63,-4.59
0.96,-8.71
-1.2,5.85
2.3,-2.83
-7.54,-6.12
1.29,5.01
8.01,8.58
9.62,3.83
-5.49,-0.6
-5.61,-6.5
-2.24,-3.07
-5.26,5.1
-0.64,9.37
2.88,5.1
-3,-2.52
9.57,9.08
7.84,-5.46
3.83,7.69
-9.66,-4.61
-0.01,-3.11
7.05,1.23
7.69,-6.66
-7.04,9.02
-1.23,-8.35
-6.46,-8.14
-1.88,0.1
-1.62,2.42
-4.03,-3.57
-4.09,-8.39
9.34,-0.7
7.55,3.27
-1.58,-8.09
-6.15,-6.45
-8.15,1.01
-3.83,7.31
5.55,0.07
-1.3,-2.45
2.41,5.17
-9.93,-2.19
9.5,-2.91
1.94,5.41
7.15,-5.48
4.28,3.33
-7,-7.6
-1.96,-6.86
5.03,1.93
-0.74,-5.84
2.69,3.38
-4.75,2.37
-6.21,1.66
0.68,2.11
-6.51,-0.58
6.99,-4.21
6.64,3.73
4.48,9.86
2.6,6.43
-0.01,-2.63
9.31,5.84
8.03,8.39
-6.18,-6.01
-7.83,4.79
8.16,-1.35
-9.96,1.96
-6.01,6.11
2.19,0.92
-0.79,-2.59
-9.47,1.62
4.58,9.39
-6.33,-5.4
-4.57,4.01
6.54,9.73
2.86,5.01
-1.35,-6.67
1.09,8.09
4.3,-7.86
-4.27,-5.35
3.71,7.8
-6.46,5.25
0.73,-7.82
6.15,4.5
-9.63,0.39
-4.74,6.45
-3.93,2.31
0.15,9.02
2.6,1.6
6.2,1.14
-7.73,-5.53
-7.12,8.14
0.16,2.46
-7.5,-0.4
-0.83,-0.92
7.15,6.85
4.21,-2.93
7.12,6.69
1.41,-5.49
10,-7.38
4.82,-4.68
-1.03,-7.31
-1.29,1.67
-0.45,1.09
-9.17,5.52
1.49,-5.67
-2.4,-3.27
9.5,-0.44
3.12,-7.39
7.94,-5.1
-4.7,1.32
3.85,-3.27
-4.82,-2.16
6.32,3.77
-5.68,8.72
9.29,9.43
7.45,-5.75
-9.29,-4.98
-0.55,-7.25
-6.93,2.27
1.27,-4.63
9.78,0.6
8.95,-1.01
9.68,-4.33
9.96,-7.48
-8.31,-5.19
6.41,-5.36
-0.54,-8.66
2.43,2.38
7.54,-0.98
6.56,-3.09
3.54,1.76
-2.17,8.24
0.47,0.81
-2.41,-6.81
-3.72,-7.53
-6.39,-8.34
0.35,9.23
1.48,-8.37
6.46,5.04
4.06,-1.92
-3.89,-2.99
8.08,-6.96
-7.83,1.2
-8.32,-1.23
0.42,-3.12
-9.99,-2.33
-4.99,-3.48
4.75,-4.02
0.85,-6.94
-1.47,4.3
6.18,1.26
-0.7,-7.21
-9.36,-2.25
-1.78,3.59
8.48,-0.12
-9.17,0.9
-4.89,-6.77
-3.63,2.59
1.39,-8.35
-7.72,4.58
-5.75,-2.65
5.1,1.01
-8.72,-8.85
0.4,-6.72
-5.94,-1.22
-7.61,0.08
-1.91,6.44
1.29,1.29
3.8,-0.73
0.61,9.18
-3.05,-4.63
8.4,-2.48
-5.85,-8.5
-8.52,4.88
1.7,-0.53
7.54,-5.62
-3.52,6.55
5.85,-5.34
0.35,9
-2.58,2.55
3.14,-1.41
9.35,-9.75
-7.5,8.32
5.75,2.38
5.9,7.75
8.22,-1.48
4.39,-2.04
5.23,-6.04
-1.9,6.22
7.03,-0.26
-9.38,-4.04
-4.45,-6.65
2.42,-3.37
-7.13,-0.11
1.3,7.91
-4.58,5.13
-1.3,7.57
-8.25,-3.98
4.57,-8.89
-0.52,-8.4
9.08,0.86
-7.31,-7.7
-7.01,7.95
3.52,7.42
9.59,2.47
-7.85,7.04
9.5,3.64
-3.65,-5.94
0.65,2.98
7.57,1.35
-5,2.84
-5.91,4.75
3.22,-7.13
-1.17,-3.99
7.55,1.96
-1.49,-8.18
-4.38,0.33
1.92,8.46
-3.77,7.31
-3.76,1.33
6.98,2.82
-0.86,2.02
-6.31,-8.09
-7.61,-6.51
-8.63,9.7
-6.15,-6.82
-1.06,1.1
1.09,7.34
-2.04,7.08
-5.86,-0.41
6.45,7.77
0.77,-0.01
5.55,-9.05
-1.49,-8.65
-8.88,-2.77
-8.22,5.38
-0.49,-4.97
7.81,-1.62
-2.32,-8.08
1.82,-8.13
-2.98,-8.54
-3.8,0
5.14,-7.19
-8.8,-8.54
5.49,1.49
-5.5,6.29
0.05,5.89
-3.74,9.8
0.17,-9.68
2.45,-6.11
-6.1,-7.36
-3.99,1.19
-5.79,-0.09
4.93,0.25
-3.61,0.09
9.53,-1.17
1.92,5.12
7.69,9.86
-7.64,-7.04
7.47,-9.91
-0.29,7.8
3.01,1.65
-9.32,-7.46
-2.69,-6.27
-9.92,-5.52
-6.2,-3.76
3.48,-0.06
1.64,4.33
9.27,0.32
9.84,2.09
6.52,9.77
-2.7,8.8
8.22,-4.81
9.72,-9.29
-7.3,4.36
4.99,2.49
1.72,1.48
2.16,-9.18
-7.51,-9.73
-8.71,2.16
-4.5,-5.26
0.99,9.98
9.81,-9.67
7.26,9.07
-9.38,9
1.16,-9.35
-0.44,6.98
1.42,-3.72
-1.34,-5.38
-4.52,-5.81
6.18,-8.74
1.71,7.48
-4.17,-4
9.35,3.54
6.73,9.38
9.88,8.4
-0.25,5
-9.09,4.29
0.24,-9.99
4.62,-6.95
9.72,8.61
1.17,1.7
7.87,-4.45
-3.04,9.84
3.37,-8.48
-5.89,-3.45
1.29,-9.95
-3.25,-6.2
-1.12,5.47
-7.05,7.89
-9.42,6.23
-8.08,-4.93
5.49,7.05
-9.61,8.7
-0.83,4.85
6.19,-3.54
-1.03,-2.93
8.8,-8.4
-7.26,-0.26
9.47,7.73
3.77,9.75
-0.87,5.75
-5.83,3.47
-2.91,-2.95
2.75,2.15
1.95,6.25
2.24,-4.42
6.14,6.61
-5.58,-4.25
-0.57,-7.06
-3.73,0.35
1.74,6.31
2.6,8.12
1.96,3.14
-0.13,9.7
6.18,0.09
-2.62,-6.68
7.63,0.64
-9.34,-7.99
-5.8,8.22
6,-3.75
6.48,9.23
-1.43,-6.7
-8.37,-6.61
-8.41,-0.42
-8.33,-4.77
3.01,-8.71
0.24,3.87
-3,4.21
-0.49,3.46
8.68,-9.54
-7.75,5.9
-4.31,2.89
5.35,5.29
-3.11,1.47
8.91,8.45
-8.57,-0.03
-6.48,-7.84
-0.49,9.7
3.73,7.84
-0.98,6.99
-1.84,7.47
8.81,5.59
-3.9,-9.47
3.59,-5.71
6.97,-5.57
-2.22,-0.76
-4.85,-9.22
-7.69,8.71
9.13,1.89
6.07,-2.51
2.76,-5.27
-4.56,1.51
6.28,-3.45
-5.31,-8.04
7.48,7.77
2.04,3.81
-5.9,-8.87
0.34,-6.77
-6.42,9.93
-5.34,-8.71
-0.64,-6.57
-3.45,5.97
-9.91,8.13
9.64,4.25
9.67,4.49
-4.42,-7.62
0.13,-1.28
9.92,-3.44
1.28,-7.7
7.55,-4.28
1.14,-1.22
-9.07,-1.69
-1.84,-0.71
-4.09,4.75
-7.01,8.79
8.3,0.73
3.57,-8.64
6.51,3.81
3.86,-1.16
-8.44,-3.93
5.49,-6.01
-0.08,-9.23
-6.11,3.39
4.67,3.41
9.98,5.64
-5,-3.33
-8.34,-2.68
4.28,8.81
-9.37,5.6
-9.41,-3.99
5.8,-7.55
4.63,0.15
4.28,-1.11
1.72,6.47
-7.01,8.13
9.67,2.12
-8.59,-0.79
-6.69,-4.62
7.82,-1
1.87,-4.9
3.34,8.58
-5.67,7.16
-5.76,7.63
-0.36,9.48
9.51,-0.99
8.98,-3.15
1.29,-4.55
2.23,0.04
1.86,-2.39
-1.01,0.33
9.81,6.38
-3.87,-5.05
6.61,5.03
-7.73,-1.27
-0.34,1.31
2.7,-8.62
4.36,-1.57
5.57,-2.57
7.81,-8.96
5.1,-3.41
4.58,4.54
0.6,-1.06
-4.65,3.71
-2.2,9.22
0.99,9.37
-5.17,0.88
2.32,-7.52
-1.43,-8.79
-1.02,-7.71
7.13,-9.57
9,3.51
-3.8,-8.86
-4.51,-5.61
0.55,-9.71
6.97,-6.35
-9.96,-9.89
-2.29,-3.05
-4.77,9.13
-5.51,6.9
3.82,1.84
7.56,-2.38
-9.18,-0.78
4.91,5.66
-1.87,8.64
-0.23,-6.13
8.92,4.92
1.26,6.45
-3.05,6.8
-0.86,8.79
-1.82,-5.41
-0.39,-0.11
3.97,6.8
-6.79,-4.92
-0.78,0.9
1.79,5.58
-7.21,-3.21
-1.08,-7.94
-1.81,4.06
0.39,7.06
-9.79,3.12
-4.81,-2.24
-5.97,-3.19
-3.3,-2.34
-9,8.87
6.84,-7.05
-9.97,1.81
5.65,2.82
-6.58,-5.01
3.93,-9.86
9.48,3.83
2.95,2.98
7.45,4.78
0.72,-5.34
-8.78,3.81
7.89,0.88
6.83,-3.06
-2.9,2.93
4.09,-2.33
5.13,-1.3
-2.74,5.98
-6.56,4.69
5.27,-4.41
6.08,4.72
-6.05,-0.87
6.38,-9.69
-4.85,-4.76
8.28,-5.58
5.69,-1.87
-8.86,4.72
8.29,-3.45
8.12,-8.19
0.58,-1.95
-0.62,5.65
2.43,4.94
1.12,-9.26
-5.98,1.22
-9.85,-7.91
0.23,7.1
-7.15,1.96
-9.75,9.82
8.62,-3.1
-5.77,4.37
8.33,-9.88
1.35,2.76
2.17,-3.8
1.73,7.49
2.06,-2.44
6.84,6.75
-4.42,3.12
1.81,6.73
-2.52,5.46
8.04,-9.48
-2.43,7.19
-8.89,3.51
8.27,-3.15
-5,9.93
4.54,1.06
0.7,0.38
-5.64,4.55
-3.81,4.37
0.44,9.64
-2.68,-9.75
5.49,-4.36
-4.7,-2.6
0.47,9.63
-9.58,3.16
-6.73,7.99
8.22,-2.72
8.96,4.83
7.71,1.74
7.33,5.5
-3.91,8.8
-2.1,-6.43
9.16,-8.05
3.25,-1.72
7.14,-6.81
-2.54,0.22
-1.89,-6.62
1.14,9.83
2.11,9.7
5.3,1.2
-2.96,6.45
-7.27,-3.52
-8.1,6.05
5.48,0.04
-0.88,-0.72
-2.3,-7.52
9.49,9.38
-2.56,5.89
1.82,-1.11
2.41,-9.18
1.09,-9.91
-1.57,2.3
-2.48,8.32
7.76,-3.03
-4.91,-0.05
7.14,2.69
4.26,-1.03
-0.75,-1.8
1.51,-9.34
-1.96,8.71
8.47,-1.17
-0.5,2.53
-6.54,-1.95
1.53,1.11
-6.25,3.1
1.89,1.6
2.78,-4.95
4,-9.81
-2.64,-2.56
9.23,4.44
-0.02,-7.98
0.06,-8.27
-8.89,0.29
8.26,2.05
7.55,-9.6
1.85,-3.35
-0.27,6.29
-9.59,-4.44
9.77,-3.99
3.62,-6.34
-2,-6.63
-2.5,-3.46
-7.26,2.4
-6.47,7.18
-7.68,-6.03
0.09,-8.28
2.7,-9.85
-5.48,9.34
2.19,-0.67
-3.51,-6.07
1.23,-7.29
5.3,1.81
9.41,-3.83
8.67,-5.52
5.68,4.47
-2.83,-3.94
-4.99,2.76
-9.9,-2.62
-6.33,1.51
-9.97,-6.61
-6,1.85
-4.06,-6.62
-7.97,6.19
3.63,-2.95
6.5,5.47
1.52,-5.79
9.48,-6.41
-5.87,-4.35
6.65,-2.79
3.38,2.93
7.86,6.23
1.58,8.14
9.01,8.78
-3.98,-1.25
0.74,-1.8
-6.49,-8.72
-6.47,1.44
1.92,6.12
3.13,-1.28
-0.06,2.82
2.09,2.43
-3.49,9.9
-4.15,-4.32
6.47,4.53
-2.71,7.24
3.79,7.13
1.85,-8.18
-6.36,-8.36
-6.46,8.04
-7.34,-1.79
5.31,2.08
-4.29,-0.58
-4,3.55
-4.89,-7.59
7.13,5.17
-7.19,-6.15
-3.04,9.43
-3.27,8.13
-0.16,-5.57
5.63,-6.99
2.45,-0.63
-3.87,4.91
-4.51,3.8
-2.41,7.22
-4.6,-5.46
2.2,-1.95
-1.09,-8.73
5.23,4.48
0.3,-4.33
1.17,3.88
-7.77,8.12
1.9,4.85
-6.68,3.69
-1.01,-2.74
8.97,-5.12
-4.88,2.91
4.73,8.42
6.5,9.4
2.49,-5.03
9.15,2.86
-0.17,-0.97
3.25,-1.95
8.69,3.33
-1.95,8.16
-0.46,-5.96
5.02,-7.5
-5.3,-1.89
-7.75,6.08
2.14,-7.37
-6.81,-8.56
0,-6.88
7.66,5.82
-0.72,-1.38
-4.64,-5.89
1.88,2.85
0.4,3.65
-0.12,3.43
-7.24,-9.69
-0.85,-3.23
2.89,5.26
-8.9,3.55
9.53,0.98
3.8,9.33
4.37,0.64
9.04,7.95
5.87,4.51
4.08,6.13
-6.57,-9.01
4.68,-9.3
-2.57,-0.49
2.14,-8.59
-8.93,3.11
-1.02,-0.32
6.66,3.79
-9.77,-7.59
6.55,-7.96
-6.7,6.22
-9.59,8.31
-4.86,5.56
-9.05,-1.65
4.78,-4.73
8.35,8.86
-4.27,-0.42
-4.45,-5.99
5.13,7.2
5.37,8.23
1.35,8.19
1.53,0.3
7.9,-0.28
-8.77,-7.32
1.05,-4.51
-4.61,0.27
2.14,-5.87
1.82,-5.94
-7.19,7.06
1.74,-7.47
4.85,6.76
1.72,8.62
-2,9.52
-5.89,1.11
3.78,3.83
-8.23,-7.93
2.5,-4.69
-9.28,-6.94
-3.52,-6.74
-4.84,-9.32
8.15,5.77
7.66,4.64
9.18,6.98
7.78,4.29
9.61,-5.47
0.18,-4.05
-2.04,-5.18
7.86,0.65
-4.65,-2.5
-7.14,5.03
0.63,-2.85
0.89,7.78
-2.53,-7.2
-2.51,-9.42
-1.48,-4.98
1.03,2.59
-7.43,1.19
3.25,3.63
-4.55,5.97
7.25,4.16
-3.04,8.7
0.73,9.71
6.55,-1.86
6.89,0.74
5.89,-2.95
-3.23,-8.42
-6.53,-2.52
9.98,-1.5
-2.56,-7.78
-4.46,1.84
7.72,2.53
-2.38,7.15
-6.97,-4.04
-3.53,-6.53
-1.23,-6.72
1,9.34
7.97,-0.95
6.31,-4.59
-6.57,3.64
-5.98,6.3
8.08,-0.68
-1.15,-1.15
8.2,5.08
3.3,6.81
-7.25,8.47
-0.01,-2.22
-7.32,9.79
-9.61,-6.61
-6.7,7.37
3.1,-9.52
-6.46,-1.11
7.45,-8.65
-8.09,-3.13
3.01,1.49
-3.46,7.79
3.89,3.09
5.94,2.87
6.58,-1.99
1.04,-2.99
7.55,4.13
4.69,-9.21
4.65,-9.18
-1.19,10
1.34,-3.97
-1.6,6.03
-7.57,3.85
7.69,6.99
-1.42,-9.25
8.4,-8.42
1.87,-3.42
-0.75,-3.63
2.44,-3.29
-0.46,2.6
1.27,-7.33
0.14,-2.95
-6.44,7.09
-3.85,-0.07
-7.26,-9.34
6.06,-2.72
7.75,-5.53
2.41,8.73
4.25,9.39
3.82,2.07
-9.23,-8.37
-7.51,2.67
3.91,8.17
-2.64,0.4
-7.38,-8.45
-7.89,-2.28
0.39,-1.64
-1.11,3.31
4.23,8.26
-8.91,4.66
9.92,-9.41
-7.91,-5.1
-3.26,4.33
-9.24,-2.55
8.1,7
4.91,-4.05
2.02,-2.38
-7.19,5.18
-7.76,-4.49
-1.01,1.96
-4.14,-8.4
6.7,-9.74
-3.83,-5.99
3.9,2.1
8.22,6.33
-4.23,-1.79
0.32,-0.13
7.43,5.3
2.14,8.43
-0.1,-4.12
7.42,-5.35
-8.85,-2.66
-8.81,-6.59
4.33,1.67
1.75,-7.07
-6.78,-5.28
9.02,-9.36
-8.11,-3.81
-1.49,5.37
2.7,-0.65
-5.22,1.7
-0.08,2.9
-2.25,-6.8
4.78,-2.33
5.07,6.1
-9.02,-1.01
2.16,6.37
3.78,-4.94
-6.24,6.51
6.92,-2.88
-8.81,-9.65
-4.93,5.84
0.5,-5.69
-2.25,5.53
7.49,8.61
-0.74,0.67
-3.25,2.17
-1.79,-0.85
8.74,-0.1
-0.74,5.24
7.89,-1.2
8.88,7.86
7.8,-4.21
-3.45,-9.94
6.02,8.46
-0.21,6.93
4.68,-5.93
-7.76,-2.72
7.46,1.59
-4.01,-5.83
-6.06,-5.7
8.05,1.2
-0.41,-2.77
3.06,7.51
0.43,-7.95
5.23,-6.84
8.39,-0.24
3.41,9.19
1.62,-4.39
8.51,-9.99
4.5,4.48
1.54,-3.5
-4.7,-5.02
-4.19,-5.2
-6.63,-6.55
-8.15,0.61
7.03,1.98
1.8,9.98
-5.75,6.62
8.25,-8.89
8,4.25
-4.93,-5.69
-2.13,1.24
0.71,1.96
-8.52,5.6
1.42,0.66
-9.75,-0.73
5.95,6.47
-1.31,4.92
9.85,7.47
-4.82,2.4
7.86,6.3
-6.41,-5.66
-9.03,-0.83
-8.76,-7.78
-2.09,-1.54
4.68,-2.44
-1.94,2.77
8.76,6.82
8.36,-3.15
-7.58,-9.66
-5.99,-2.05
2.93,-2.28
2.36,8.42
-6.92,2.5
-6.31,1.29
8.05,9.16
0.26,6.48
-9.72,-6.29
-5.3,6.2
0.62,-4.2
9.47,-5.65
0.15,2.81
-2.8,-4.61
9.49,-6.55
2.19,-3.25
-9.44,-3.83
-2.6,-6.71
8.47,-2.95
-9.94,-9.24
4.16,4.8
8.43,1.33
0.68,-5.61
9.49,7.01
-6.9,4.57
9.52,8.34
-9.34,-5.88
-9.52,-7.94
-6.42,-2.8
-7.83,3.37
4.96,0.95
9.05,-4.04
-3.83,-2.27
-9.77,-4.33
-2.49,-4.72
-6.56,-7.63
2.72,-2.88
-3.57,-3.89
-7.84,-5.25
-8.02,2.82
2.51,-0.31
-9.3,7.64
-8.47,9.14
-1.23,-1.76
8.39,3.02
9.65,-5.34
-2.81,-1.97
5.02,-9.96
3.77,-0.08
-1.73,2.94
-7.32,2.01
-1.54,-0.77
-7.04,7.96
-3.34,-1.11
8.28,-9.85
-3.5,9.87
8.51,3.12
-7.58,-0.61
3.19,3.63
8.31,3.88
-3.77,-7.97
8.51,3.52
4,-3.19
-8.77,9.93
5.77,-0.29
-2.64,2.87
9.78,8.9
-6.33,0.15
7.96,5.67
5.34,8.66
4.99,0.4
4.78,-8.58
-1.34,2.01
-3.72,8.24
8.59,-3.01
-9.04,7.85
3.72,4.22
-7.7,2.85
-5.05,4.99
-7.8,4.07
-2.91,-4.36
3.56,7.31
6.43,6.52
-3.9,-3.99
5.11,7.75
1.87,-7.79
5.14,-5.93
7.84,-5.77
-8.65,9.15
9.59,-1.62
-6.54,-3.28
-7.88,-9.94
-6.37,-5.58
-4.15,-5.37
1.2,2.78
4.57,7.29
-8.8,8.67
-1.85,-4.92
1.12,-2.48
6.4,2.64
1.43,2.49
-9.06,-4.53
-8.76,9.61
-3.71,3.78
-6.61,0.25
8.79,2.92
-5.35,1.69
2.1,2.19
-6.79,-8.27
-5.42,-1.64
1.16,-5.45
-1.22,1.7
-9.59,0.9
4.73,-1.3
1.86,4.05
3.1,7.38
5.14,-3.88
1.77,2.33
1.51,6.16
4.67,-1.16
6.62,9.21
-7.91,0.74
7.41,0.29
2.77,3.79
3.57,7.11
8.31,-9.54
-1.63,-7.35
-3.15,-2.75
1.77,-5
6.19,-0.04
1.07,-8.17
3.07,-6.07
-5.15,2.73
-3.97,-3.51
8.01,-2.88
6.43,-0.57
-5.71,4.19
-9.99,0.92
-7.53,-8.9
-2.81,-4.69
8.9,6.63
-2.75,-4.63
7.95,-4.35
0.32,4.51
5.42,-8.33
-8.05,-4.23
6.74,10
8.82,4.97
-3.55,-1.43
-0.3,4.51
7.74,9.83
1.49,-9.41
7.67,-0.42
-9.52,-3.9
2.6,6.19
-4.2,7.67
2.5,6.82
-0.01,3.37
5.91,-9.46
8.9,2.53
-5.34,-9.48
-8.16,5.21
6.64,2.3
-8.84,3.58
1.4,-1.72
7.4,6.2
-4.98,1
4.59,7.87
8.97,-6.94
-4.76,-6.68
3.91,7.3
4.05,-9.74
-7.59,7.68
-9.48,-6.26
8.7,-1.59
-4.81,-5.03
-5.16,2.69
-8.16,-3.91
6.21,8.87
6.45,-5.68
-4.81,0.34
-7.62,-6.52
-3.74,7.5
-3.37,-3.69
-7.54,9.81
-4.23,0.76
-4.48,-6.21
2.98,9.75
-0.64,-5.9
-0.99,-5.86
-3.88,3.75
-4.92,0.47
-2.32,-1.03
-2.85,9.8
0.2,-2.4
5.97,5.53
-0.96,2.48
-2.5,3.01
-8.19,-3.18
3.21,3.2
-9.62,-9.12
-8.2,7.61
5.41,6.96
-9.98,9.2
-2.01,7.98
-8.85,0.77
-6.14,-0.37
-9.29,-5.14
9.93,-2.99
-4.56,-4.78
2.06,-9.98
-5.7,6.58
1.02,2.39
4.65,-1.89
3.39,0.87
-7.41,0.54
-3.54,7.45
-9.31,-4.56
9.38,6.8
6.27,2.46
0.3,-3.68
-1.18,5.38
3.97,2.25
-9.12,9.21
5.02,-2.8
2.33,-9.9
1.15,-4.8
7.26,-3.04
-6.08,4.56
7.53,7.14
1.03,-6.63
3.28,4.32
-4.13,9.99
4.42,7.85
-5.85,-3.99
8.85,-5.64
-9.37,-3.36
-4.56,-9.19
-3.1,-7.24
-1.83,7.48
-2.33,9.23
5.74,-8.04
-7.46,-9.94
5.65,-2.71
-5.46,-8.04
9.94,-5.41
-2.33,9.4
6.65,-3.92
-1.52,-4
-9.31,6.22
2.24,0.89
9.87,6.64
-9.44,5.58
0.57,4.12
-0.14,6.97
-2.97,-1.44
-3.59,-8.78
9.95,9.8
4.3,6.77
-6.69,5.06
4.22,0.12
-9.75,8.14
6.65,5.7
-9.23,8.28
9.36,-0.28
-4.57,-5.62
2.28,3.34
-5.15,1.15
-4.45,-5.71
-3.78,1.97
4.39,2.12
-8.02,0.79
1.7,2.42
-1.48,-3.31
-3.51,0.04
3.3,-9.35
6.23,4.86
-1.05,-6.09
1.99,0.01
-2.73,-2.45
9.51,1.19
-2.99,-6.28
0.57,-3.36
-7.32,-1.22
-3.36,7.69
5.42,-9.4
8.58,4.19
8.97,-6.32
2.69,3.59
1.24,-4.73
-1.62,3.6
6.34,-0.51
-5.36,-6.58
-0.35,0.16
7.44,2.94
-0.54,-5.99
5.27,-5.6
-8.81,2.28
-7.6,-6.57
-9.04,2.35
-5.14,-7.23
-0.62,-7.11
0.41,-3.74
5.37,-7.35
-5.62,2.3
3.14,-7.56
0.27,10
9.29,-7.15
-0.21,6.24
-7.41,-6.72
8.68,-0.16
-9.37,6.33
-4.4,-1.07
5.42,-0.37
0.52,-0.44
-0.31,-2.58
6.81,8.8
-9.46,5.38
-0.63,2.22
5.05,-3.17
-0.08,9.77
-4.19,-1.64
-0.3,-8.83
-4.97,7.35
0.85,4.04
-6.5,-4.08
-1.68,3.48
-9.81,9.23
7.38,4.21
3.26,-3.8
-9.07,-5.58
-8.49,7.57
9.52,2
5.96,3.49
0.78,-5
-4.91,-4.23
-5.53,-2.63
-0.89,-1.8
6.38,-9.43
0.53,5.02
0.26,-7.32
-0.92,3.62
6.67,2.07
-8.58,1.18
9.58,-4.16
0.78,-5.45
-1.22,-8.06
8.83,3.2
4.87,5.03
0.15,-8.72
-5.23,6.61
-6.95,-4.9
-8.53,0.61
-1.05,7.72
0.77,-9.34
-1.14,8.57
2.77,4.43
-1.94,-3.66
4.16,-4.8
-9.72,-3.35
4.74,-4.94
9.22,-3.1
2.94,4.15
-5.77,1.81
5.96,-3.11
6.62,3.76
4.44,-3.57
-7.19,-2.16
6.27,2.62
-9.39,3.06
-4.45,-9.48
-0.68,-3.34
-7.98,6.1
-6.2,-2.99
1.5,-6.65
-4.15,6.44
0.21,-0.84
-5.18,-7.96
5.41,8.6
4.68,-4.46
-6.09,-2.94
2.23,-2.07
-1.38,0.2
5.82,-5.32
9.92,-9.86
-5.67,-1.14
-9.81,-9.1
-6.69,-6.31
-7.95,-2.38
-6.68,-0.13
4.39,4.36
-6,8.53
-9.44,-0.87
-6.44,-0.52
-8.37,6.39
8.9,-3.97
5.84,-2.67
9.89,9.83
-8.8,3.97
8.5,-5.14
-5.14,-5.81
-5.35,0.18
-0.77,3.07
-2.18,4.46
0.38,-9.57
5.08,3.39
5.23,-3.74
4.6,-9.93
5.25,9.3
-7.14,-7.48
-9.41,8.6
-9.45,-3.08
-3.58,6.48
-0.67,9.63
-7.69,4.53
-2.42,-2.85
-2.67,-1.79
-7.79,-5.82
-3.04,3.76
0.44,8.19
0.48,-4.05
-1,7.21
-6.8,2.51
-5.73,-2.6
5.03,-7.71
7.37,-3.16
-5.87,9.45
-5.1,-3.92
0.98,-2.04
-9.79,8.96
-0.74,0.54
0.42,-4.02
2.52,1.24
-0.73,9.85
-9.56,8.88
2.46,0.57
-5.16,-4.96
-5.55,-9.43
-10,-0.92
-2.51,-7.84
7.65,-7.63
1.9,3.74
-9.05,-6.63
7.28,1.73
-3.53,-8.57
1.24,8.2
4.81,-1.03
-7.43,-5.51
-2.07,9.33
-0.56,3.1
-8.17,6.98
-2.95,6.13
-9.45,-0.65
2.55,-4.84
-8.98,-4.51
1.35,-6.42
4.41,0.08
-5.06,-7.97
-0.95,-9.62
4.96,1.48
-3.1,1.78
5.29,-3.66
-0.22,2.1
-2.89,-4.65
7.45,2.16
-7.74,-5.72
4.71,5.38
1.28,7
0.98,0.73
-9.14,3.77
-9.82,-3.57
5.13,2.81
8.61,-8.38
-8.72,-2.87
-3.64,-6.65
4,4.49
-5.06,2.75
-6.87,5.6
-3.4,0.23
-0.71,0.07
-4.29,-6.49
1.58,-2.93
0.4,-6.74
2.95,7.24
0.03,3.17
9.21,9.35
-7.87,2.52
9.71,-8.62
5.39,6.31
0.88,8.42
0.19,6.67
-0.56,9.33
-4.59,-1.2
-0.85,7.31
1.27,-8
-1.4,9.9
-7.77,-9.87
8.92,0.43
8.56,-6.74
-8.76,-2.04
-7.49,6.94
-6.42,2.49
-3.64,-1.86
2.37,4.19
7.39,4.49
6.38,1.89
1.77,1.19
-1.58,3.18
9.2,7.53
6.74,-4.95
-3.59,-3.54
-7.09,1.7
5.82,-1.55
-7.45,-3.45
-7.68,0.11
-1.93,-0.66
4.95,-1.19
-3.05,-9.35
-0.08,-3.68
-5.48,3.26
4.16,8.7
7.67,3.39
3.83,-5.77
2.13,-1.94
-5.09,4.11
-6.08,3.47
-8.84,1.58
-0.83,7.7
-0.35,5.62
-2.76,3.81
-2.06,-0.13
8.74,-2.68
-2.56,-4.92
-7.89,9.03
-8.76,9.3
7.28,4.3
9.75,-3.4
-5.79,-4.26
0.29,-0.1
6.15,-6.47
8.72,-6.11
-1.98,-8.31
-4.63,1.91
-3.29,-9.16
7.63,8.72
-2.57,-4.2
-0.46,4.79
7.19,1.85
9.71,-6.12
5.55,-9.78
-3.35,-9.15
-3.04,8.96
3.07,5.55
2.27,-4
-0.66,-5.13
-7.06,-8.5
4.46,-9.61
-0.7,1.38
-0.78,8.97
2.25,-2.95
9.35,-5.02
-5.81,-3.95
-8.14,-9.34
7.48,6.2
-5.12,-5.72
9.51,-7.97
9.99,-1.66
0.35,-0.98
-9.75,-9.08
3.14,3.07
0.88,1.63
-9.22,7.88
-8.07,0.17
-5.26,-1.4
9.3,-9.93
3.71,1.11
3.58,2.22
7.26,-8.52
-3.98,7.03
-2.59,-8.31
-4.98,-3.13
-9.58,-5.41
2.16,-4.03
-6.8,-2.29
-5.49,8.3
-5.88,-5.94
-9.14,2.84
-8.48,9.1
4.87,-0.4
6.24,8.5
-1.66,-8.76
8.96,-3.95
-0.13,1.22
-5.85,0.31
3.46,-6.66
-1.46,8.34
7.49,3.95
7.4,3.35
9.15,7.37
-5.99,-3.06
6.16,6.22
-2.47,7.93
-5.6,4.94
-7.9,-6.16
-5.02,-6.62
3.14,-6.17
-5.41,-0.39
1.56,-5.43
-6.88,-3.46
4.32,-4.9
6.73,7.35
4.39,-0.07
-8.33,4.98
-1.62,-5.26
4.78,-8.98
0,-1.91
-9.68,3.97
0.38,-7.82
7.07,5.03
-3.58,7.12
-5.06,8.57
7.46,-4.57
-7.37,-7.4
6.66,-2.35
-0.21,-6.12
1.59,-7.15
8.66,-8.07
-4.57,-0.14
-3.23,-0.16
-6.58,5.65
-2.04,1
6.55,-6.03
7.83,-8.02
7.11,0.66
-2.14,-2.26
5.87,1.18
4.66,6.44
3.12,-3.87
-3.84,-5.3
8.08,2.47
-6.9,-1.74
2.1,-1.5
1.92,-0.32
9.97,-5.45
7.84,-7.24
-0.15,7.78
2.38,5.64
-4.47,-1.58
3.97,-1.87
-0.15,-8.85
5.61,2.88
-5.96,3.25
-2.12,-9.94
0.46,5.63
-5.17,3.53
-6.06,-8.94
6.94,-2.83
-3.14,-8.77
3.24,2.59
2.91,1.5
9.02,-8.82
-6.91,-6.1
-2.94,5.12
-4.97,-5.95
-7.87,7.9
5.82,8.9
7.08,1.14
1.76,-6.13
-2.95,-9.1
7.46,-9.49
2.62,5.48
5.49,-1.7
-4.33,-6.2
-8.19,2.83
1.14,-5.77
-4.22,3.18
8.78,-4.61
9.42,5.41
-1.83,8.76
-8.21,5.59
-6.31,7.31
9.62,7.15
0,3.24
2.74,-8.41
-9.48,3.03
4.47,0.44
-1.03,-2.42
-9.38,-3.31
9.11,5.67
6.4,-0.6
0.93,1.28
-5.82,-4.26
8.89,3.86
5.01,9.13
4.13,-2.4
1.53,0.47
8.52,-7.41
-0.19,-3.19
5.73,4.57
8.1,5.5
6.94,6.48
3.73,-0.52
3.56,0.18
9.46,-3.32
5.54,-1.53
2.74,9.52
8.13,9.11
-8.28,3.56
9.78,-1.59
5.11,5.45
-8.26,-8.81
-7.93,-8.96
-0.9,-3.91
-8.51,3.88
7.16,-1.89
-1.78,-3.59
-7.27,1.61
-5.28,-3.1
-4.79,9.18
-1.77,2.96
4.89,1.48
-7.78,-3.3
6.07,5.74
0.26,6.62
-8.68,-2.67
2.99,-7.14
-3.63,-6.12
5.2,-5.57
-9.87,2.15
-8.12,-0.01
1.66,6.35
-0.37,4.84
1.65,-2.19
6.4,6.08
-7.69,-1.21
2.26,-1.36
0.58,-1.96
-3.63,-4.53
-7.12,4.98
-5.65,-4.7
-7.56,7.55
7.79,-4.25
6.44,8.4
3.89,-0.25
-0.01,6.28
-3.92,8.16
-8.79,8.6
-0.29,-1.77
1.14,3.58
-0.83,8.89
1.29,-3.29
8.5,-9.86
-8.13,-9.44
7.38,-8.18
-0.64,-4.4
5.3,2.27
-7.37,5.15
9.54,-2.78
-1.87,-0.19
-3.32,-1.44
0.84,-2.94
1.55,-0.17
-8.88,2.88
6.68,-6.84
-5.98,9.7
7.81,-9.79
8.88,6.26
-8.1,-9.27
-8.57,-8.25
6.02,1.49
7,-1.33
1.95,2.36
-8.65,-2.43
-3.02,-3.05
-0.82,7.24
3.9,-5.24
-6.42,5.08
-0.76,-2.77
-7.82,1.55
2.21,-3.27
3.39,-5.83
0.84,8.79
2.38,0.37
-1.57,-1.73
0.77,-6.61
-4.85,-2.06
3.08,1.53
3.29,-0.44
-5.26,-2.74
-5.02,-4.77
2.75,-7.13
8.15,-6.81
8.27,1.72
-6.14,1.08
-9.64,-9.98
6.34,7.05
8.05,-9.12
8.77,-3.68
-6.41,-5.7
3.34,-0.36
5.94,-2.3
6.94,6.9
5.24,6.71
-9.27,-6.24
-6.02,4.08
-3.43,-8.16
2.19,9.77
2.03,-3.75
9.59,0.62
2.65,-1.33
-5.18,3.3
-3.99,9.91
0.42,-1.75
9.76,1.83
-8.29,-2.66
-2.49,9.45
2.8,7.66
7.53,3.06
9.02,-3.6
3.09,2.85
-3.03,-6.37
0.91,-9.09
-4.49,3.79
-2.45,0.55
-5.76,-8.27
0.54,-9.23
-0.25,4.89
-6.48,8.81
5.76,-2.22
9.36,-8.63
4.05,0.51
6.29,-8.87
-6.86,-4.52
-6.35,7.03
6.04,7.11
7.2,-8.76
5.3,5.13
0.55,-6.53
4.99,6.44
0.68,7.51
6.68,5.65
5.83,4.46
-7.35,-9.64
-9.07,4.87
-3.61,4.38
4.01,-2.7
-4.72,4.96
2.62,6.25
3.29,-7.31
1.98,4.82
-8.47,1.81
-4.11,1.76
0.07,-1.22
-8.15,-0.7
-4.66,-1.28
8.82,2.18
-8.82,7.62
6.03,2.02
-1.57,8.35
7.05,-5.82
3.37,8.7
8.02,-5
-9.7,2.57
-4.26,-1.74
-2.97,5.46
4.73,-8.41
4.8,-7.2
9.67,-6.09
-6.95,-0.89
-7.02,5.52
6.22,-7.99
-9.63,-3.65
2.77,1.5
-3.48,4.61
-8.59,5.58
-6.62,0.81
-0.21,6.9
-3.52,-5.84
-3.11,3.81
-0.16,-6.95
-3.81,-1.45
2.44,1.16
-6.17,-9.84
-9.16,7.44
-8.88,-3.46
1.39,9.95
8.26,-0.55
1.59,3.29
-6.97,-4.6
-4.94,-8.65
-1.64,-2.99
1.62,3.04
-3.23,4
-3.85,0.8
-0.39,8.56
7.16,-4.15
-1.91,7.02
9.24,-6.77
7.23,-8.03
2.42,1.05
-2.82,1.78
1.44,-4.96
-3.14,-3.31
-1.19,-7.45
-4.44,-2.48
0.05,4.31
2.24,7.89
-6.8,-2.97
1.98,0.26
-0.54,-3.08
-1.05,4.6
-0.35,-2.66
-8.28,-2.68
4.37,-1.71
-6.52,2.63
9.32,1.43
-3.05,-8.61
-9.09,-6.97
5.94,4.53
-4.78,-0.15
-0.19,0.19
5.98,1.54
-8.11,-1.81
7,-7.67
-4.76,-9.9
2.26,-9.18
-1.71,3.41
-1.34,2.73
4.56,-5.3
-3.25,-8.39
4.86,-5.71
5.21,3.43
4.66,-5.16
-9.47,8.64
-3.85,6.18
-6.22,-2.74
-9.87,4.4
5.76,7.9
5.94,9.76
-7.99,-3.04
-0.25,8.69
0.75,3.2
0.62,3.4
-7.7,5.39
-5.84,-1.88
2.88,3.07
9.87,0.38
8.52,9.1
-6.79,-5.83
0.27,9.86
1.1,-5.85
-5.19,-6.26
-3.57,-2.55
-4.81,-7.7
0.41,7.7
-5.65,9.46
-3.93,-0.47
-5.63,-9.02
-9.37,9.85
-0.03,-6.34
-9.36,-8.42
3.98,-0.19
-2.45,-0.9
3.86,3.16
-0.64,3.36
-4.98,-2.81
-7.07,-6.77
7.01,2.56
0.72,4.3
7.94,0.61
-7.04,9.59
-8.22,3.86
0.21,-6.18
-3.41,6.07
9.93,9.93
-5.38,4.18
-9.91,9.1
-9.9,-1.46
1.23,-8.38
5.05,-1.21
-0.5,-6.3
-7.8,-4.73
-8.69,-8.88
0.91,-4.72
-9.08,1.22
