7.6,-3.76
0.94,-2.94
-7.91,-3.66
1.45,-7.14
-4.96,-8.72
0.4,-7.86
1.76,-7.46
7.67,-2.72
-0.73,7.77
3.19,0.6
-3.32,6.79
-1.9,-8.51
1.97,-1.28
-7.53,4.22
-8.85,-9.79
2.14,5.39
-1.76,0.77
0.06,8.54
-1.54,-7.68
0.17,4.12
-5.85,-1.49
-8.58,9.05
7.12,-2.57
-9.1,-8.43
-1.37,1.79
-3.01,-7.33
-8.75,8.96
1.5,7.17
-8.07,7.17
-1.34,8.47
5.38,0
7.53,9.62
7.16,-8.81
1.51,7.73
-1.89,-8.69
7.57,5.05
9.38,-3.51
5.34,3.4
-2.31,-7.84
-0.86,-6.11
0.81,-5.95
2.81,-4.22
-5.51,9.85
-8.96,-5.99
8.71,7.21
-7.65,3.71
0.43,2.76
4.39,9.9
1.91,-9.66
-7.9,7.09
1.57,-6.64
-9.76,2.76
-0.7,-1.88
-4.07,0.95
0.87,9.2
5.1,5.81
-4.76,8.74
-3.77,-3.29
9.87,-0.47
8.98,-0.67
-5.87,1.46
-5.62,-9.16
-1.1,4.41
4.08,-9.82
-8.51,-9.08
-2.22,9.87
8.97,-9.85
-3.51,2.99
-0.35,-3.56
-9.59,-3.08
-5.98,-5.46
-9.13,-8.08
-7.13,-2.86
1.36,2.13
-3.46,0.16
5.92,-7.1
8.03,0.93
-4.81,8.48
-1.24,5.48
-1.59,-7.78
-0.82,-9.42
1.81,-9.86
-3.95,-9.54
9.91,-8.6
5.93,0.99
5.91,5.57
-5.89,-9.75
1.49,0.52
-8.27,-9.03
2.94,3.38
4.29,7.33
-6.35,5.15
-5.93,5.87
5.1,8.59
6.86,-6.49
-9.45,8.36
-2.89,-8.32
-4.01,3.45
4.3,1.49
5.87,-2.09
7.32,-8.46
-9.66,-6.59
9.95,-7.46
9.2,0.87
-9.25,-8.82
-3.21,-5.3
4.01,-0.19
-7.29,5.71
-1.07,-8.22
9.75,-1.29
-3.25,3.15
-7.25,-3.51
-8.84,7.53
-5.17,6.3
5.05,-7.3
2.17,-9.55
-3.02,-6.52
2.68,3.47
-0.15,-7.77
-1.07,-6.17
0.54,-4.48
3.62,-4.01
8.95,-5.48
8.27,-3.8
-8,6.77
-0.58,8.11
-7.41,9.59
5.48,-5.17
-3.41,-8.36
6.86,-4.24
-6.58,7.67
-6,3.27
-6.31,1.73
0.25,-0.84
4.8,2.71
2.93,-2.72
8.64,3.73
4.17,-1.37
0.48,8.62
-2.48,-3.68
6.68,-3.49
2.45,6.04
3.32,8.6
-9.22,3.72
3.58,6.89
8.31,1.74
6.02,-6.01
-0.83,-3.53
1.08,5.51
-3.64,-5.47
0.05,-8.92
8.63,-9.93
0.87,3.73
0.7,6.35
-8.63,-1.88
-5.37,-0.19
-4.28,-0.5
8.75,-0.19
7.24,2.73
7.71,8.92
7.71,8.31
8.93,1.1
2.58,5.3
-5,3.71
4.07,-3.7
9.93,-4.9
4.22,-6.74
4.05,-4.63
-9.52,-8.5
-6.87,-8.08
3.83,-9
-2.7,-8.42
-6.25,-2.7
1.06,2.03
4.31,-5.67
1.92,7.96
-2.49,9.58
3.71,1.69
-9.61,2.87
6.73,-5.59
9.56,-5.04
-1.37,7.32
6.13,1.89
7.56,-8.57
-2.72,9.86
-8.95,0.5
-9.91,8.46
-9.76,-4.36
-8.95,3.22
-0.26,8.34
5.32,-4.09
1.12,-1.32
-2.47,0.56
-6.69,9.55
-8.39,-5.39
-2.92,-2.15
4.91,-3.08
7.2,-4.84
0.31,3.52
-0.39,-0.29
1.65,-9.29
-0.75,6.81
1.54,-0.2
4.04,2.15
-5.47,8.94
-5.29,-3.04
8.79,-1.55
6.22,8.19
4.37,-3.39
0.82,-4.93
-9.98,9.26
9.69,-2.72
-6.84,4.39
-7.38,-5.59
2.44,0.68
-1.38,-7.41
4.69,6.97
-8.73,7.67
-5.82,-7.16
-4.89,3.56
-1.54,-8.27
7.71,-9.08
8.25,-3.85
8.98,-3.97
-1.27,-3.65
-1.49,1.53
4.98,7.14
-5.67,3.41
4.34,7.9
-3.58,-4.81
8.42,5.92
-0.9,-9.69
-0.06,-9.99
4.57,-3.6
8.8,5.65
-2.72,1.82
5.89,6.41
-5.97,4.7
5,3.91
5.27,-2.33
8.6,-0.45
6.97,-0.42
-4.91,-5.62
0,3.37
-4.15,7.74
9.98,0.57
-6.82,-4.93
-3.24,7.86
-3.05,5.6
4.86,5.08
-0.69,4.48
-8.69,2.79
6.51,-1.32
-3,6.5
8.91,2.54
4.28,-0.15
3,-5.41
8.44,-8.09
-5.63,-9.29
-5.28,0.43
7.31,0.11
-6.37,-0.9
-6.05,-6.06
-9.03,-0.44
-9.87,3.38
3.72,-2.61
8.45,3.61
0.87,0.75
-9.37,-2.22
-4.68,3.77
1.85,-0.28
-3.33,9.91
-9.75,0.37
-6.78,-6.82
-4.11,5.97
1.46,-7.59
9.61,9.41
-2.45,2.36
4.31,-2.9
-1.85,-3.33
3.1,4.79
9.81,-0.62
-9.86,7.11
-6.02,-1.83
-2.27,0.54
-4.25,-5.75
-9.37,-8.19
-4.74,-6.97
9.23,1.44
-4.04,-1.83
-2.54,-1.89
0.57,6.05
3.26,-3.4
-2.53,8.08
8.01,8.65
-7.06,5.32
1.09,-4.93
9.23,-5.33
-5.34,-4.95
-9.57,-7.78
-6.58,-8.64
-7.18,1.18
6.81,-8.7
-6.19,5.12
6.9,-1.49
3.55,-4.05
1.68,-7.78
3.77,7.45
-9.46,-4.03
-4.35,-6.81
4.58,-5.71
2.04,5.08
5.39,-1.46
6.62,-7.86
-2.03,5.6
-7.43,-1.21
-3.77,3.18
3.64,1.45
8.83,-0.76
5.92,-4.31
-8.77,-0.13
8.72,-6.89
9.68,1.62
6.05,6.07
-0.63,0.73
0.26,-6.42
-2.65,9.02
1.39,-0.05
-8.68,-9.95
-5.34,-3.42
4.2,-8.76
5.65,3.02
2.67,-8
-2.43,-3.39
2.56,-6.75
5.08,3.23
2.97,4.91
-8.28,3.17
3.86,-5.42
1.84,-9.04
7.43,3.25
-6.93,-8.13
4.87,-4.64
9.43,0.57
-5.7,-2.24
-2.91,8.72
-7.66,8.37
-3.17,-5.16
-0.3,6.77
-7.11,1.18
4.92,6.39
-5.4,3.88
7.51,-7.91
8.71,-7.37
-5.54,6.4
8.61,4.04
4.45,2.37
-8.84,5.72
-5.08,-6.22
7.68,9.14
-3.29,-2.44
6.98,-6.04
6.47,-1.88
8.35,1.67
8.83,-8.81
-4.09,3.55
1.09,8.08
-2.66,-7.66
0.56,9.82
-0.78,-6.2
1.37,8.23
-7.54,5.93
-9,-3.51
-2.55,6.83
-2.66,7.28
7.8,3.72
5.21,4.15
-6.28,-8.85
7.33,9.37
-2.15,-8.72
2.55,-5.87
-4.04,7.71
-5.45,-1.98
7.37,3.03
2.46,3.89
1.22,-1.98
-5.48,-0.57
3.56,2.38
6.7,-4.95
7.38,-0.33
7.73,-0.93
6.81,-4.14
-4.98,-1.85
7.63,4.18
-3.53,0.86
-3.63,-0.22
-1.04,4.19
2.25,0.07
6.41,-4
0.2,0.76
5.98,-3.99
-2.67,-9.89
9.39,-2.06
7.62,7.55
-8.55,-9.21
-5.66,6.47
2.99,1.68
-0.91,-2.32
2.49,2.02
6.06,2.92
2.15,-0.11
-8.08,-0.96
-3.98,1.24
3.79,5.8
1.39,-3.54
-0.65,9.57
-0.19,1.56
-7.76,6.33
2.47,-3.24
6.94,5.13
0.24,7.25
6.28,-0.64
-1.4,2.49
-4,2.8
-6.05,-7.98
4.72,2.32
9.13,-7.3
4.85,-7.96
-2.63,7.51
-8.43,-8.83
2.04,1.22
-2.18,6.99
4.53,-7.41
-1.84,7.38
5.15,-4.65
-4.93,6.88
-0.57,-7.82
4.23,-8.26
5.93,-0.83
9.98,-4.24
8.87,8.16
-3.55,-7.06
-2.98,-3.7
0.58,8.26
-5.56,-6.92
-6.56,2.26
-3.33,4.83
4.46,2.26
3.98,0.25
6.95,-0.08
3.5,8.58
-9.72,-1.89
7.21,-6.43
1.49,4.91
5.8,7.17
8.98,-2.61
-4.57,2.49
-6.18,-9.44
5.15,-1.72
9,7.41
-1.91,-0.49
-0.18,7.21
3.9,-8.72
6.74,-9.44
-5.34,-0.69
3.89,-0.02
8.02,-6.9
-5.09,3.83
4.06,-0.94
-8.56,-2.92
-8.65,8.12
-8.5,-4.7
-2.01,-4.02
-1.69,-9.81
-7.23,7.06
-2.59,-2.04
-6.04,1.55
-6.13,-2.65
-4.09,-8.48
9.86,9.1
9.8,2.24
-8.89,-4.22
5.44,1.07
0.81,4.14
6.35,-1.89
-5.95,5.48
-6.34,6.74
6.65,-4.37
1.33,6.6
-1.06,-1.38
7.3,-4.64
6.53,8.79
5.3,5.16
-2.21,-4.21
-9.76,1.77
2.63,-1.93
3.33,5.86
-2.91,3.17
4.05,-2.68
-1.31,5.6
3.64,9.75
-4.85,8.28
-4.12,9.13
4.47,-3.96
-0.21,-6.58
9.14,3.91
6.42,-6.52
-0.13,-7.42
-3.5,-0.03
6.69,-0.17
1.44,1.51
5.6,-9.07
4.75,2.66
7.44,0.73
-6.57,-0.17
-0.84,-0.9
5.97,9.45
3.79,-3.4
6.83,5.88
0.57,7.63
2.27,1.39
-9.43,-3.06
-1.53,0.37
-5.2,-7.62
-1.71,6.43
1.35,-1.81
2.21,2.83
9.74,-9.49
3.4,2.1
7.22,-9.06
6.64,-4.28
-2.87,-3.87
3.18,3.78
-4.78,-7.11
7.49,-4.78
3.56,7.99
0.35,-3.02
-2.79,5.27
3.37,-3.76
-8.48,5.86
4.83,8.68
9.75,4.44
-9.97,-3.88
-5.38,0.78
0.92,9.14
7,1.23
5.1,5.6
7.92,-3.99
-4.73,7.41
2.68,-1.61
4.32,7.39
-1.83,3.4
-7.15,-9.98
-4.01,0.89
-3.82,-4.85
2.31,2.97
-4.12,-9.99
-5.39,9.35
-3.5,6.81
-1.94,-2.35
-1.26,2.98
-8.53,-8.36
-1.29,6.41
-3.64,4.8
6.21,-1.77
-5.34,6.2
8.77,-8.11
1.9,0.15
-7.22,-0.88
-7.21,-4.77
-7.59,3.4
5.27,-5.25
1.75,0.98
-6.62,8.73
8.58,-8.5
-9.66,5.38
-1.84,3.17
4.47,-7.62
-1.08,8.15
-8.37,-4.3
-5.11,-2.91
-3.62,-6.95
6.13,7.46
-5.67,7.97
7.54,3.47
-3.33,-5.26
1.41,6.29
-5.74,6.29
7.61,-8.67
-4,3.72
5.76,4.6
-4.85,-2.56
-5.4,0.06
-9.72,7.47
6,4.7
3.4,4.24
4.15,3.71
-9.87,-7.94
2.3,6.86
8.68,-1.61
-4.57,-5.86
7.42,-4.04
2.62,-4.17
-1.01,5.32
-6.68,2.8
4.28,2.56
-8.6,0.87
7.04,-1.42
-0.87,1.45
1.21,-5.31
9.22,-1.86
5.57,-5.7
-7.21,-7.93
8.52,-4.76
-8.8,0.3
1.55,1.12
-2.74,4.64
-9.36,-5.22
-0.19,9.71
-8.31,-2.03
-4.79,9.92
-0.13,0.31
-5.63,-6.96
-4.69,3.39
3.81,8.21
-7.5,8.07
1.22,1.08
-8.53,-8.2
6.47,9.73
2.84,-3.08
8.67,-9.86
-4.09,3.56
-5.98,-6.93
-3.86,7.32
8.93,-5.64
2.79,6.29
-2.96,-4.9
-4.57,-5.39
-2.26,8.81
-9.14,-6.74
-6.85,-1.1
-0.36,-2.03
-9.73,-0.91
6.82,8.95
8.94,8.01
-8.14,-2.15
-1.47,-1.15
-8.81,-9.07
4.22,-9.48
-0.4,6.71
-1.28,7.31
-9.24,-8.88
-0.31,1.58
-2.62,4.25
6.19,-3.89
-5.81,-0.54
6.1,-4.01
1.54,-9.38
-3.24,-1.02
-9.66,4.28
-9.32,-8.09
9.98,2.67
-5.82,9.51
4.62,-5.86
-0.01,5.93
0.94,-9.82
4.71,-0.15
-5.73,-3.98
9.77,-4.13
1.8,-1.65
-2.03,-1.5
-7.46,3.28
-7.93,-0.15
1.21,0.53
9.58,1.06
-9.29,3.61
2.31,1.26
9.74,5.21
1.69,1.17
-6.15,1.02
0.85,0.95
-2.85,2.42
-7.14,-8.29
0.69,-6.97
1.07,4.6
7.71,-7.65
-0.35,-8.28
6.02,-7.09
-4.91,2.52
0.31,1.36
-7.91,-8.1
-6.71,-5.96
2.13,-7.5
-1.06,7.64
8.11,3.14
2.36,-4.22
-4.24,4.94
6.82,8.29
-0.34,7.98
-2.48,-5.31
-6.95,7.8
4.66,-0.09
3.23,7.93
-3.85,0.78
-3.54,7.85
9.33,4.37
0.95,-4.75
-7.45,-0.28
-2.73,3.64
-7.45,6.36
1.96,-6.16
-9.77,-3.64
-4.58,-1.83
-5.59,-5.65
2.42,-0.64
-9.87,-7.82
0.43,-0.89
-5.49,-8.62
0.36,7.72
-4.97,5.55
5.78,4.88
4.61,6.62
3.33,-6.71
0.24,9.97
-7,7.6
2.31,9.03
5.47,6.21
-8.77,7.76
-0.5,-4.43
6.38,5.79
2.88,6.08
9.22,-8.65
9.42,-3.98
6.54,6.91
1.11,-5.18
4.02,-9.72
-2.13,-3.03
-5.15,7.93
-3.76,-0.85
5.98,-1.48
-0.94,0.04
7.71,-7.79
-1.5,7.97
0.38,-0.86
-9.65,4.95
5.86,1.69
4.87,-7.27
7.99,-1.84
-8.43,-0.18
-0.26,-3.53
6.64,-6.1
-2.42,-0.77
1.72,2.64
9.64,3.96
-2.96,1.37
7.19,8.38
-3.3,8.65
0.24,5.25
-1.82,8.85
7.32,9.18
-1.09,-7.1
-7.91,3.66
-6.63,-6.65
2.2,0.49
-3.01,5.34
1.51,-9.21
3.76,-9.62
3.7,4.06
-7.39,-0.71
3.48,-2.15
7.5,-9.4
5.52,3.44
1.24,5.54
1.01,7.46
-0.4,-7.24
-0.49,3.23
-8.09,9.07
-5.8,0.96
0.96,1.66
-8.55,-2.66
4.36,5.19
-9.33,3.47
4.48,6.99
8.44,7.49
-0.05,-2.12
6.53,5.23
-3.75,-8.06
4.46,-6.43
9.9,5.43
0.19,-2.07
-9.74,-6.08
-7.73,6.84
-3.74,4.33
0.8,-8.24
-0.21,2.6
0.13,9.94
-4.28,6.47
6.8,-3.98
-2.55,-3.75
8.57,-2.14
4.51,-5.07
-8.4,-4.41
9,-5.87
-4.77,1.63
-8.57,6.86
-9.38,0.35
-4.35,9.11
-2.42,4.99
7.63,8.88
7.86,1.2
1,-6.06
-3.17,-0.74
3.76,3.42
-5.72,-8.11
1.88,-7.49
5.72,0.99
-8.26,-7.3
-2.1,-1.5
4.56,-5.11
0.97,-3.37
0.86,7.75
5.83,-8.94
6.17,-2.29
0.18,6.27
4.2,-3.66
2.32,9.11
-3.93,1.53
-4.01,9.14
-9.69,-5.22
-3.65,-8.74
-6.11,3.19
9.13,5.1
1.35,-9.88
2.66,5.6
-5.96,5.9
2.11,0.79
5.67,-6.39
5.02,9.78
-7.73,3.25
9.2,9.77
6.14,-6.77
-3.27,-5.97
7.34,4.64
7.37,1.2
-9.36,7.69
-9.7,-2.52
-1.62,9.05
7.45,-5.08
-3.52,4.48
0.91,5.9
1.43,7.74
-7.16,-3.23
-5.47,2.31
0.7,-8.92
-0.72,3.83
7.58,-4.02
1.83,-7.34
9.01,2.57
9.36,2.39
4.89,-0.07
-0.55,-8.98
5.54,4.63
-8.67,-3.05
8.93,-1.69
-4.76,-5.08
-7.04,-7.91
4.35,-1.55
2.58,0.49
-9.93,0.85
4.58,-2.12
-8.64,7.93
8.54,-0.84
0.65,-1.45
8.09,0.54
8.52,-8.13
-7.83,9.76
1.99,3.59
-9.3,0.5
-6.66,-9.67
-0.37,-5.58
-4.45,-5.6
-4.74,7.24
-3.46,3.59
-4.54,9.77
1.41,-0.1
8.02,9.52
-7.66,8.08
-0.45,-3.47
-1.37,-5.99
-0.45,0.98
0.34,7.56
-9.82,-9.3
-4.91,9.2
-4.7,-4.95
8.22,-7.2
2.2,-7.45
-0.25,5.14
1.54,-7.36
-7.91,4.98
-2.96,-4.09
8.1,-5.66
3.56,0.57
2.95,-5.13
2.35,8.45
-4.93,4.78
5.04,8.44
3.61,8.86
8.05,8.84
6.73,-4.58
7.45,2.81
-9.73,-9.02
-0.68,-0.07
1.31,5.99
5.02,2.98
-3.44,-6.09
-5.84,-3.74
7.19,3.21
-5.13,-3.33
-8.47,0.06
-2.53,-2.62
2.51,2.07
4.74,-4.32
3.56,2.46
5.5,5.78
4.27,-9.4
1.11,-1.06
5.15,5.15
8.9,0.39
4.01,-3.26
2.91,5.03
0.27,-1.66
8.1,-9.57
3.04,-0.1
9.86,-5.82
-8.17,4.79
-7.17,4.57
4.8,3.84
6.31,-4.22
8.25,6.17
9.31,-8.02
-4.48,-6.04
3.09,-3.74
-4.91,8.67
-0.97,9.33
-0.26,6.11
-9.12,1.4
5.65,8.78
6.62,4.3
-1.12,-6.65
-8.72,2.63
7.36,6.2
-7.63,-3.03
4.19,-10
3.96,4.13
6.44,4.11
-6.19,-5.96
-8.83,9.33
9.92,7.45
-1.68,4.98
-6.67,-0.59
-4.4,5.19
-5.08,3.29
7.88,-0.76
-8.18,-9.7
-9.59,1.11
-8.27,-7.43
6.06,-6.07
-4.24,8.64
-0.37,-5.37
5.75,2.42
6.43,-9.83
4.96,-4.15
8.14,4.74
-8.89,-5.26
-4.76,-7.03
2.52,9.51
4.53,5.67
-4.67,9.97
-8.99,5.65
-8.22,-5.49
-3.67,-3.98
1.82,-9.81
9.7,-8.66
9.7,-1.41
3.49,-3.12
2.05,-8.25
7.38,7.77
-4.62,-1.8
-3.03,6.81
7.17,4.95
7.12,-1.2
-2.22,8.17
-7.8,-0.58
-1.42,8.8
5.02,5.94
-6.47,-0.87
7.96,-7.33
9.17,-5.48
7.43,-2.82
-7.61,2.92
-6.57,-4.99
6.79,4.35
3.61,-7.73
7.16,8.11
6.83,2.91
9.51,-0.11
0.15,-8.97
7.03,5.35
-5.64,-5.79
-2.81,-0.23
5.31,-4.12
-2.13,2.56
2.55,-3.57
-0.85,-6.95
9.57,5.74
8.18,4.76
-8.28,-0.75
-4.64,-3.02
-4.3,2.19
-6.01,-5.83
8.08,-9.32
8.13,9.02
-0.3,3.07
5.88,-1.06
5.17,4.75
9.9,-1.25
7.04,-6.63
-0.21,5.37
-4.19,-9.8
-8.95,9.22
-6.78,-7.49
-5.17,-1.98
-0.96,-1.59
-2.69,-4.9
6.01,6.61
6.01,3.61
7.99,8.6
-7.72,0.16
1.1,9.18
1.04,4.13
3.04,-7.23
1.99,-7.49
4.05,-9.31
-0.96,6.05
-1.29,0.69
7.93,4.9
-4.68,8.13
-7.37,-0.7
-6.15,-7.4
6.52,-0.06
5.97,8.03
-6.4,4.42
2.8,-1.27
-9.68,0.4
2.03,-9.12
-4.69,3.22
-1.47,1.21
-4.44,-4.42
6.36,6.1
6.94,0.25
5.96,-4.6
9.38,-4.25
1.63,-2.11
-6.03,-8.37
1.03,-7.21
-8.08,-6.79
7.59,-5.33
4.87,-6.46
-3.6,-9.78
0.4,-8.43
7.32,1.34
4.96,-5.04
-9.65,-7.47
6.94,2.09
-7.96,-4.05
1.53,2.45
0.78,1.68
-8.8,-1.72
-9.91,2.32
-6.77,5.75
3.77,9.17
-7.24,-6.69
-6.42,-8.35
-8.18,-0.59
8.25,9.65
9.42,8.17
-1.06,-0.25
-0.69,-7.3
-7.5,-6.17
6.72,-0.13
-4.71,6.24
6.68,-8.18
6.02,7.52
-0.12,4.58
5.43,3.69
-9.87,9.99
5.4,-8.54
3.18,-1.43
3.73,-1.62
5.95,9.75
-5.45,9.32
6.37,-3.46
-8.22,2.41
4.13,5.8
2.84,-3.91
6.71,3.5
2.27,-0.83
-5.02,2.87
6.13,-0.73
-2.57,-8
-2.09,2.02
-9.49,-0.41
-1.9,-6.69
4.26,-8.84
1.85,4.11
-0.05,-0.34
-0.53,1.45
3.33,5.39
-6.3,-8.36
1.17,-4.13
-9,-1.51
0.96,-8.2
-7.29,9.14
-3.6,5.11
9.36,-7.44
1,-5.16
2.6,8.78
5.08,-9.7
0.47,-0.88
7.96,-8.63
7.11,2.41
-0.34,8.06
6.17,9.66
-4.76,6.98
3.35,5.9
4.57,8.37
-9.25,0.13
1.99,-9.36
-7.59,8.16
3.36,4.53
2.87,-8.77
4.52,-9.14
9.81,-4.62
-9.79,-8.46
-0.92,4.03
-8.05,-3.37
8.02,4.26
0.02,-6.52
7.64,-7.5
-3.39,7
8.63,-3.35
-0.68,-9.08
6.61,-3.38
5.43,-3.46
-3.94,-8.07
-9.13,0.3
8.04,2.83
4.88,-7.63
-5.4,-3.45
-2.97,2.05
1.02,2.35
-9.23,1.47
-6.96,-7.85
-5.61,1.21
-4.7,-6.63
2.13,7.55
-9.48,-3.13
-8.29,4.22
2.62,-7.28
6.44,3.16
-5.45,8.67
-0.51,1.27
7.54,-1.21
6.3,1.3
-5.17,-7.1
1.74,1.81
5.83,6.7
-8.07,9.84
-2.6,-9.24
-5.77,-7.02
4.23,7.17
-8.54,-5.34
1.75,-3.78
1.7,-0.46
7.04,8.63
-3.81,1.96
2.34,-0.93
0.76,2.89
-5.75,1.16
-1.84,0.22
-1.52,-1.65
0.71,-1.75
-9.09,6.88
-5.66,-1.48
-2.5,-7.32
-4.57,0.9
-3.88,4.13
9.63,-7.16
9.2,7.22
-4.69,2.12
6.58,5.14
-2.41,6.26
3.25,-1.04
-2.03,5.02
7.42,8.25
6.36,2.43
-7.07,0.72
-2.22,-6.04
0.04,9.34
-9.39,0.82
9.42,-4.86
-7.45,7.85
-5.85,-6.8
-7.21,6.84
-5.58,0.92
0.78,-6.68
4.41,7.48
-4.04,5.14
-4.82,-5.91
9.83,4.32
5.63,2.45
-2.22,4.1
-0.67,3.85
-6.54,5.53
6.75,-9.84
-3.36,0.49
-1.72,-4.5
-4.84,-6.59
-8.42,7.18
7.73,8.8
5.54,-7
8.36,-3.21
5.96,-7.31
-8.87,-1.99
-1.08,-1.02
-9.08,-9.22
-0.39,-8.81
9.46,-3.41
-1.24,4.06
-5.79,3.7
0.74,-9.6
-2.89,-7.4
3.73,-8.7
6.1,-4.91
9.27,-9.52
-2.72,-4.36
-5.72,6.67
-5.71,4.03
9.1,9.1
4.37,8.24
1.5,7.5
5.13,-1.26
-9.66,-1.43
-8.43,6.34
-5.96,8.31
0.98,9.4
-0.96,1.97
1.22,-3.28
-9.97,-0.63
-0.6,1.33
3.65,-9.69
-5.23,-4.54
5.57,-9.95
9.8,8.6
-7.03,-3.17
-1,-6.43
2.12,4.13
-4.85,9.02
-5.11,3.1
-8.9,-2.49
-3.66,7.42
6.65,7.15
-1.68,8.19
-3.17,-4.03
2.78,-6.42
-3.25,2.28
1.84,2.89
-4.57,2.08
4.16,-3.72
-7.4,7.43
-3.24,-4.87
3.42,4.48
2.78,4.49
-6.25,-8.75
1.71,-4.53
-1.33,2.25
1.82,-2.5
-5.29,8.85
-1.21,-0.87
8.72,5.27
-0.46,-2.67
7.76,-7.57
-2.06,-8.31
-1.82,-2.95
1.92,5.85
-3.04,-0.74
-0.17,2.61
6.39,0.92
0.34,-4.85
-2.09,5.69
2.66,2
5.74,7.22
-4.62,-4.28
1.85,7.76
-0.09,-6.49
1.06,-0.59
3.27,3.88
2.76,-7.35
1.5,-6.65
-4.54,2.79
-6.96,1.8
7.6,-3.43
4.48,8.16
-3.51,2.03
2.76,5.11
5.01,-4.91
8.5,-7.77
-7.53,1.14
-8.93,-9.08
-8.85,-9.28
-6.66,-8.25
2.7,1.98
-7.75,-7.47
1.98,6.59
-0.21,7.97
1.25,0.64
-2.12,7.64
-1.16,-8.81
-4.07,-7.78
2.49,5.54
2.24,-2.28
5.65,-7.26
2.57,2.79
-4.69,-3.52
1.93,-9.93
-2.62,3.12
0.04,0.21
-7.6,-9.97
7.61,-3.7
2.15,-1.24
9.15,-9.91
2.09,4.29
-8.54,3.95
-3.1,-0.88
-9.84,6.07
8.2,0.19
-7,-7.17
-8.2,-8.32
3.62,-3.76
4.61,-6.01
-4.55,2
-9.98,0.34
7.44,-4.47
4.69,1.76
4.17,-5.96
2.78,1.24
1.86,-2.7
-9.28,5.81
-5.18,-5.98
1.78,5.24
1.41,-6.42
-6.38,2.23
8.07,-8.24
0.39,-6.05
-6.36,-8.93
-2.34,-8.34
4.09,-6.35
-0.86,-8.87
-4.61,-7.02
7.63,-0.99
2.2,-9.59
2.7,-0.91
-5.76,5.72
2.93,5.22
-8.75,1.12
4.81,1.42
-8.27,1.35
-5.58,-7.74
1.64,7.02
-1.36,5.39
-8.29,0.83
-8.6,2.2
0.97,-9.68
-9.66,1.34
-0.26,-9.59
-9.98,5.81
6.56,6.04
9.45,-0.14
2.77,-7.46
-2.04,-7.33
9.3,1.69
1.43,-1.99
-8.75,2.99
5.94,-6.38
4.89,2.4
1.68,0.36
9.68,-8.57
-3.58,-1.19
9.45,6.79
-2.64,3.14
-6.12,-2.61
3.73,6.23
2.74,-1.77
-4.09,3.46
2.33,-6.9
7.78,-0.93
-1.49,4.31
-7.12,-7.21
-0.21,-9.53
3.09,-5.73
4.52,-4.38
-8.57,-4.47
-7.17,9.04
3.93,-7.26
8.55,-1.74
-3.13,-3.11
6.45,4.12
6.59,-9.85
1.4,-9.92
0.22,-0.56
8.47,3.97
-0.28,-7.2
-4.4,8.07
-4.43,4.29
-3.8,-2.86
5.18,-7.19
-1.96,4.65
-7.99,-7.75
-1.72,-4.09
3.64,3.29
-8.87,-9.62
-8.45,-1.82
-3.81,7.09
0.28,-6.41
5.88,4.21
-9.84,-5.99
2.39,0.17
-5.68,-0.56
5.15,-5.32
3.83,8.94
9.27,9.26
-8.24,2.3
-8.1,-1.31
9.67,-9.34
-7.63,-8.24
1.73,1.96
0.52,-5.18
3.41,-4.33
-3.61,-7.52
3.17,-8.73
7.73,7.15
-3.33,8.65
6.55,8.73
5.57,1.12
-9.67,9.81
9.59,4.57
8.19,2.38
8.37,2.45
0.22,4.1
0.54,0.2
3.75,7.68
-5.06,-9.41
-8.58,-0.41
2.31,7.75
-6.37,-3.51
-8.23,-3.18
7.61,-8.72
1.02,7.2
6.69,-6.35
-1.76,8.67
-7.13,5.78
-2.25,1.65
-7.5,2.61
9.8,-9.04
2.4,-7.06
-8.71,-2.36
-9.33,-7.82
7.71,-5.86
8.5,5.82
3.02,-0.49
-5.85,7.95
8.41,0.39
6.48,6.27
6.85,-9.86
7.05,-8.78
3.35,-6.65
1.4,-6.57
9.78,-5.79
-8.44,2.18
-9.54,-8.7
-3.24,-6.02
-3,-4.74
7.86,-6.07
9.69,0.33
0.9,4.09
-5.16,8.29
2.09,-6.39
5.47,-6.71
9.23,1.19
2.56,8.75
-5.45,4.72
-1.31,-2.96
-7.5,9.9
5.64,7.92
4.38,-8.24
-1.51,-7.45
8.26,2.75
-3.23,-4.6
-1.53,-8.8
-0.73,8.3
-2.93,-1.61
4,-7.29
-6.34,8.26
9.04,-6.82
-0.39,2.74
-4.37,3.62
-6.47,6.42
-2.05,5.8
-4.08,3.29
6.43,7.14
-2.3,-1.73
8.4,0.24
1.63,6.07
-3.82,-2.96
7.6,-8.99
-1.87,5.32
1.99,-9.15
7.19,-9.51
3.55,7.55
-9.31,-3.96
8.73,7.86
2.63,-7.8
0.37,1.64
5.8,5.83
2.36,5.72
5.37,8.14
6.7,7.59
-7.86,-9.1
-9.89,-5.12
-9.51,-7.85
3.14,2.5
-9.38,3.68
-0.94,-1.8
-0.56,6.87
-2.81,7.35
-3.8,-2.92
1.79,4.45
-0.47,1.15
3.05,-0.7
-7.68,5.27
-6.56,-1.21
2.57,0.35
3.61,4.6
-5.91,-8.12
3.79,9.71
-2.36,3.2
-2.07,-9.71
3.77,-6.14
-1.65,-1.13
-6.66,3.17
8.79,6.65
8.95,3.98
-5.33,7.08
-6.25,1.5
-5.91,-6.73
8.11,6.96
0.81,3.03
-3,-4.92
-4.38,-8.2
1.68,9.77
3.96,-0.28
4.76,5.92
8.52,-0.55
9.59,-1
-6.24,3.6
-6.08,-4.29
3.75,-1.32
3.95,-3.4
-6.88,-0.15
-4.11,9.98
-7.23,9.77
-7.96,-2.08
-3.68,-6.83
7.81,-8.98
8.53,-9
7.61,-8.05
-7.41,7.63
-3.72,-3.19
5.02,6.02
-9.54,-0.07
-8.58,-2.32
7.04,6.62
5.15,-4.9
8.46,7.92
6.61,-8.6
-8.7,-8.18
5.9,5.09
-3.76,-6.52
-4.15,8.49
-8.22,-6.59
-1.68,1.56
-7.75,-4.2
-4.7,3.89
-7.48,7.65
-1.98,-9.07
3.97,1.53
-8.83,9.79
7.39,-5.74
3.69,-6.6
-3.39,-8.71
-9.97,-2.78
6.8,0.85
-3.03,6.92
6.66,-6.64
-0.41,-6.31
9.4,9.7
6.56,-9.01
-9.18,-5.6
5.78,-2.92
9.8,5.33
8.94,1.18
-8.07,1.04
-1.57,-3.27
2.59,2.64
-3.96,-3.64
-0.44,9.5
4.77,-3.03
-4.87,0.44
9.49,-2.44
-6.33,8.47
8.05,7.19
6.27,8.88
7.24,7.99
9.73,2.32
6.48,5.98
2.83,-6.83
-0.68,2.66
2.62,-1.15
-1.12,7.72
-6.7,8.24
-6.76,-8.57
-2.15,1.51
-7.76,-8.48
9.8,6.16
-6.3,-0.76
-8.95,-6.36
6.36,-0.96
-5.91,-0.34
-7.51,3.41
4.09,3.23
-9.73,6.27
4.99,9.67
9.1,0.68
7.47,-4.03
-8.2,9.61
-1.92,-5.4
-9.88,0.01
-9.73,-9.65
6.79,-2.82
8.19,4.15
8,-5.48
-4.61,-6.2
-2,-7.67
2.22,-9.66
9.6,-7.19
6.51,5.54
-1.4,-6.83
6.68,-8.28
6.7,-6.58
3.87,-0.13
3.78,4.16
0.08,1.11
5.08,-6.93
5.79,-2.22
-4.83,-2.96
-5.08,5.82
-4.86,1.27
-9.78,-3.17
5.22,-3.99
6.07,-0.48
2.76,2.36
9.35,-1.05
2.34,-7.91
-0.23,3.54
-0.2,-2.71
-3.84,-1.15
-1.03,-3.03
-7.5,8.18
-3.1,-7.74
1.19,6.96
2.2,8.44
6.56,-5.64
-3.7,-2.93
-3.49,-4.07
-4.53,3.9
7.91,7.82
4.17,3.26
6.89,-6.3
8.49,3.99
-3.83,8.36
7.38,-6.04
-9.01,-10
-3.53,2.39
-3.5,1.74
-3.54,-1.77
-9.07,-2.91
-4.26,8.84
-1.04,-4.21
5.53,8.92
3.53,-9.17
-6.7,5.91
0.54,5.76
6.74,-1.14
8.35,4.8
5.76,-9.69
-0.71,-8.26
-0.24,8.79
6.01,-5.44
2.68,-4.4
1.72,-3.34
-2.08,0.35
-7.86,-0.54
9.27,8.6
-4.73,-3.21
7.99,-8.06
0.02,-2.11
-6.94,9.03
-0.99,7.22
-8.59,-2.65
7.14,-8.99
-2.04,1.26
-1.26,-3.17
-6.73,1.5
-8.69,1.11
9.11,7.55
1.58,1.6
1.3,-2.15
-4.47,4.27
-8.08,9.88
4.78,8.93
2.78,-0.72
-9.12,4.61
-0.21,0.46
-6.63,4.21
-3.09,4.03
-3.33,-6.25
4.69,-0.98
-2.34,7.09
8.39,7.45
-3.61,6.64
-1.56,2.13
9.98,0.75
-3.27,-3.24
-6,4.84
8.08,5.13
-4.86,-9.8
-2.07,-8.02
-0.94,-9.26
0.29,6.28
5.04,4.23
3.95,8.11
4.74,2.92
-7.28,-0.66
3.37,3
-7.26,-9.66
-5.89,-9.27
-0.95,8.43
2,-1.92
0.13,-8.39
-7.78,7.93
-8.77,7.68
-5.75,9.93
-4.38,-7.26
-7.79,1.13
6.33,7.87
-5.55,9.96
1.06,0.16
-0.79,2.37
-5.42,2.46
0.88,8.91
2.97,6.83
-2.89,-0.75
1.16,1.5
0.66,5.55
5.22,-3.78
-0.27,6.92
0.21,-6.13
9.43,3.93
6.89,-0.97
-7.27,0.59
-0.13,3.77
0.08,-7.74
-4.79,5.56
5.76,-8.18
-0.79,4.45
-7.67,-4.87
9.93,1.02
6.59,-6.48
4.43,-3.67
1.97,1.35
2.49,-0.9
0.93,-9.39
9.32,-2.6
-7.84,-5.34
-6.12,-6.44
-6.75,-6.34
4.33,7.42
3.96,1.14
5.3,-8.06
-2.55,3.46
-3.13,5.31
9.05,-9.71
1.68,-9.89
-6.45,4.78
-0.52,-8.22
6,-5.49
-6.88,3.18
4.09,-7.97
-9.28,4.15
-1.35,6.18
1.47,4.85
7.29,0.88
-4.94,-2.85
9.13,-1.75
-3.57,-6.53
-1.02,-9.92
3.01,-0.65
-3.25,-2.9
3.26,-5.98
3.59,-0.67
-5.29,-5.56
-5.77,-8.85
8.86,-7.9
-1.03,-7.81
-2.24,1.99
-0.49,-2.22
8.65,4.8
5.08,-4.44
-6.87,-1.74
2.96,-9.85
9.55,-1.73
3.14,8.46
9.59,-7.62
-8.88,7.35
7.24,-1.01
-4.51,8.97
-2.3,-3.28
0.24,-4.92
-6.35,6.1
-4.35,-9.13
8.26,-7.05
8.2,-7.99
4.88,-8.86
4.11,-4.41
0.23,1.98
-8.5,8
-5.21,-4.13
-4.29,-0.46
9.07,-2.29
-0.21,9.36
-1.91,7.48
-6.03,8.21
-6.1,-2.21
-7.07,-3.68
-0.6,2.47
-6.88,9.09
3,-3.02
6.21,6.16
0.77,-8.47
5.1,-1.15
3.09,4.56
6.34,7.25
4.69,4.67
-9.96,9.48
0.44,-7.21
7.2,-4.01
-8.91,-8.69
-5.7,8.92
5.8,-5.67
-4.69,4.56
-3.35,-7.95
-7.21,1.62
5.46,8.23
8.23,-1.05
4.74,0.68
1.75,3.11
-6,3.95
6.61,-2.99
-3.55,6.38
-6.36,0.01
-7.47,6.47
-0.22,4.45
1.21,4.75
0.11,-1.74
-4.32,-3.26
-6.21,-1.16
-0.64,-1.12
-3.93,-7.77
-0.21,1.46
6.94,7.16
9.8,4.06
6.04,-8.27
-6.15,-6.73
4.05,-2.83
5.31,0.22
2.65,-6.31
7.38,6.05
5.82,-4.61
-7.04,-5.31
3.37,-9.79
-4.43,2.3
-4.11,-6.46
3.45,-3.79
0.87,6.81
-5.86,-5.79
2.31,2.08
-1.32,4.25
-2.3,-2.17
-5.54,8.05
-2.5,0.14
4.16,9.21
-8.26,-3.97
5.32,-2.7
-8.21,2.98
1.19,6.58
4.12,4.84
-2.08,6.64
-8.49,1
5.41,-1.77
5.99,4.31
5.95,-0.56
4.12,5.47
0.48,-6.71
1.39,-4.64
-4.45,-6.82
1.59,-0.89
-6.99,8.06
1.45,-6.07
-7.6,1.24
-1.06,0.72
6.78,-8.62
-6.08,1.87
7.78,0.56
-3.11,9.42
-8.6,-9.55
-1.07,-1.81
6.67,7.75
3.82,-2.27
2.3,-5.73
-0.04,3.59
-8.39,-7.13
7.58,-8.48
1.06,-2.11
-4.03,-3.15
7.95,-5.44
4.6,-8.26
2.32,7.85
-7.5,7.04
-8.53,-1.17
-2.06,1.1
8.42,7.29
-4.09,-8.74
7.24,-2.92
-7.93,-7.07
-9.93,-8.11
9.91,-3.38
5.52,9.97
-1.02,6.29
4.66,-7.58
8.49,8.83
-2.36,-0.54
-7.41,2.91
4.47,3.04
-9.54,3.06
-0.92,-1.48
5.9,-1.21
6.67,-3.7
-8.22,7.22
4.85,-6.51
4.78,-9.13
0.85,0.71
-0.29,3.14
3.89,2.11
-6.53,-5.28
-4.84,7.71
7.57,5.49
-8.79,9.22
-0.48,7.61
-9.37,7.88
-7.1,-8.65
-5.06,-8.5
-2.69,-9.82
-8.64,-1.37
6.61,1.32
-8.21,-1.18
1.56,1.12
9.32,7.82
4.27,-3.16
-3.3,-6.68
-5.28,7.74
1.71,3.21
-2.83,-9.26
-7.49,8.11
7.97,2.48
-2.28,-8.55
-9.74,8.43
-4.47,-9.96
-4.76,7.77
10,-5.69
-0.56,-6.51
-8.28,7
4.48,9.31
0.98,-6.09
7.86,6.52
-3.06,2.15
6.84,-8.63
-3.07,8.27
7.6,-3.73
4.14,5.07
0.59,9.37
-1.79,-7.71
4.48,7.53
-9.9,-6.29
-4.01,-6.23
-6.86,4.81
3.19,8.42
-3.52,-7.28
6.67,-6.14
6.84,-0.26
-3.61,0.22
8.04,3.27
2.06,-5.96
-0.58,-9.28
-3.52,5.94
8.5,-4.07
9.24,9.84
-4.01,4.12
0.61,-2.48
7.79,-3.26
3,-1.64
8.51,-6.12
-0.8,6.42
-5.18,-1.38
7.58,6.09
-4.96,-3.15
-5.93,-8.17
3.37,-3.37
-0.93,5.07
2.02,6.1
-6.53,-1.23
8.45,-4.53
4.78,-6.35
-3.78,4.27
-6.56,-3.22
7.84,-1.12
2.59,1.56
2.2,-6.28
0.15,-1.99
-1.01,8.75
6.39,9.19
-3.09,-0.7
-6.81,6.4
-4.6,-0.21
10,-7.29
-7.31,-1.82
-2.44,1.89
-3.4,-9.25
2.24,3.13
4.43,3.65
-8.42,-0.11
-2.08,4.15
-4.06,-1.63
6.39,-3.07
-3.64,4.3
1.04,8.25
-9.32,8.8
0.82,-8.56
-6.9,7.89
8.54,1.88
-0.34,7.05
-7.65,-5.68
-9.57,-2.69
9.8,8.07
-8.36,-4
4.43,-4.15
4.71,4.49
7.42,-3.48
5.93,-7.46
-8.86,4.28
-2.11,4.72
-4.9,-9.34
-1.79,4.93
-4.68,3.41
8.56,-3.59
-1.72,8.99
-8.34,-3.71
9.72,8.95
2.92,8.56
4.01,-8.24
2.11,-9.26
9.23,3.05
-3.09,3.47
8.02,0.5
9.16,9.83
-9.06,9.6
-9.07,-5.61
-5.32,5.11
6.18,6.34
-1.01,3.11
4.01,-2.17
-8.75,6.31
-7.91,-4.39
-6.08,-5.08
0.91,-4.24
-4.23,-6.32
4.02,9.07
-9.44,-8.09
0.11,8.33
4.4,-7.87
5.22,6.92
-7.49,-1.73
0.77,-4.96
-1.14,-3.48
-1.83,-3.73
-5.25,5.22
-2.8,-1.58
0.72,-3.25
5.69,-2.06
4.31,-9.32
-3.22,4.55
3.24,3.32
-1.86,4.82
-8.47,-7.25
1.02,-4.58
-0.9,2.86
7.98,1.86
9.58,-5.71
8.96,2.78
-8.65,-9.68
4.11,-9.38
5.13,8.68
-5.59,1.43
-6.04,-2.45
8.81,4.9
-0.3,-3.4
-2.31,4.49
1.8,-6.63
2.54,-0.34
4.39,-4.83
-3.49,-6.61
9.87,-9.82
2.64,-8.01
5.79,7.94
7.29,7.79
-6.36,-5.67
-0.93,-4.78
0.86,-1.18
-0.27,4.29
7.49,-5.62
1.43,5.79
-1.28,-7.35
7.46,-4.99
3.92,-7.01
5.96,-6.71
7.25,4.78
9.01,9.41
-8.24,6.6
-9.43,3.62
8.62,8.27
7.36,-3.51
9.04,6
-2.35,-9.49
4.9,-7.88
2.39,2.29
-7.92,1.12
-3.44,1.76
-9.17,-9.44
2.25,7.85
4.47,-9.38
-1.77,3.31
4.51,0.37
3.22,0.02
0.73,-1.36
-6.22,6.52
4.85,6.68
2.92,-9.06
4.12,-7.65
-0.63,-3.41
9.21,9.82
-1.7,-2.69
9.59,9.27
5.81,-3.84
-0.4,-7.04
1.73,-4
-1.76,9.16
8.89,8.74
-5.38,-9.47
-7.38,-7.83
-4.9,-5.04
-5.96,1.79
-0.34,-7.78
1.68,3.73
-6.43,-6.6
0.34,-6.9
6.18,6.67
-6.13,-3.93
3.87,-6.16
-7.67,6.93
-6.57,-6.65
9.01,3.8
1.56,1.94
7.12,8.98
8.95,-7.28
-1.07,4.67
2.28,-8.36
2.16,6.76
2.23,-7.27
-1.55,-8.9
8.45,1.56
-8.87,-2.68
3.27,3.81
7.47,-8.83
-1.99,-7.66
-1.35,7.39
-7.19,9.32
9.91,-2.93
1.69,-0.37
6.86,-2.65
6.28,-7.25
0.81,-6.39
1.56,1.99
9.55,6.52
-4,8.29
-9.93,8.31
-3.5,-5.91
2.2,-6.83
-6.21,-3.6
-7.43,0.42
-0.86,-0.05
9.61,-2.49
-1.23,0.18
6.09,5.21
-4.04,7.08
-6.39,5.4
3.81,-1.32
-0.66,9.4
-6.46,-1.67
9.69,-8.47
7.35,7.16
-7.86,6.94
-5.53,-6.12
-1.54,6.99
-6.8,7.04
3.37,-0.08
7.83,7.14
1.57,-2.32
-3.62,4.86
4.63,5.86
-4.29,-4.72
5.56,0.12
-1.05,5.19
-8.71,4.85
2.72,-8.4
8.23,3.13
-7.05,2.63
-1.21,-9.18
7.57,4.21
5.02,-1.71
-1.06,5.72
1.12,-3.44
3.94,-7.26
-5.62,-1.3
8.18,0.6
-4.9,-9.09
-9.61,3.71
-9.79,8.3
8.78,9.66
8.95,6.91
-6.96,-5.85
-2,-1.63
-5.88,9.82
-8.44,6.97
6.21,-9.91
3.47,1.79
5.91,-5.12
-0.56,-6.15
5.18,1.17
-1.15,-3.84
5.02,-5.41
-5.07,-6.08
-0.21,-1.42
-2.05,-7.98
-9.03,9.72
-3.17,-6.66
3.98,8.56
-6.77,-5.44
2.62,-2.8
3.47,-5.1
6.15,7.88
-6.65,-7.56
0.79,3.12
-7.18,-4.36
0.22,9.3
-0.72,-4.99
2.4,8.82
-6.56,0.24
3.13,7.75
2.54,-5.14
9.92,3.52
-6.6,-3.68
-3.45,-8.36
6.92,-5.36
-6.3,-1.44
-1.21,4.67
-8.42,6.12
1.48,5.27
3.23,-7.79
4.04,-7.26
2.35,-7.45
7.82,-6.35
8.92,-1.54
7.08,-4.54
-1.93,-1.9
9.81,4.3
-5.28,0.94
4.27,-1.91
3.66,-9.6
-1.88,-8.56
-6.02,-7.77
-6.61,-6.56
-2.91,0.83
-4.74,-8.15
2.73,-5.08
-7.62,0.3
9.39,9.1
4.62,6.11
-7.67,-3.24
9.61,1.04
9.22,-0.42
-3.78,8.72
3.98,4.65
5.51,4.26
4.43,5.77
8.14,-5.08
-0.66,-0.47
6.74,-2.15
-8.24,0.22
4.93,-1.18
2.79,-4.46
9.88,0.86
-3.58,9.95
-0.58,-3.11
6.42,-3.86
0.92,-1.84
5.41,-0.71
-0.86,5.28
-5.52,2.91
-0.11,8.1
-7.9,6.48
-2.6,-3.76
8.38,-5.99
-1.67,0.69
4.9,0.49
-4.68,-4.89
2.83,1.42
-1.73,9.13
-1.25,2.45
-6.66,0.03
3.33,8.8
8.06,1.15
8.48,-6.71
6.41,-8.38
5.26,7.81
-9.61,-9.07
-2.88,-8.35
-9.4,6.05
-8.37,3.94
-1.66,-8.96
2.03,3.11
-4.49,-6.61
-1.8,-6.95
0.01,-5.06
-0.49,4.56
-8.82,8.99
-4.59,1.18
-9.74,-3.16
-0.13,9.03
8.91,5.01
-3.53,0.74
7.11,3.84
1.06,4.7
8.97,-0.19
-8.71,7.15
0.83,7.65
6.49,7.83
5.69,5.15
-7.98,-2.43
3.59,0.32
9.05,-6.11
-8.19,-2.88
6.46,3.41
6.37,5.3
-8.5,2.74
1.15,-1.22
0.75,8.92
6.71,-0.84
-0.88,3.18
-9.16,-2.19
-1.66,-2.25
-7.18,-0.46
-8.24,-7.77
-0.36,1.75
8.45,1.07
-5.26,7.14
1.03,-3.46
8.34,-2.49
1.72,8.57
-7.51,-8.65
6.43,2.34
-2.75,1.16
5.67,3.79
-0.9,4.36
-9.21,-2.52
6.08,-6.54
4.62,5.68
-9.06,-1.58
-7.91,-2.91
9.54,4.37
7.75,-2.1
4.63,-2.5
-9.21,-7.58
-9.29,-1.57
-3.88,-5.29
-3.02,-5.95
0.04,-1.83
-9.89,3.78
7.12,-5.86
4.87,2.54
-3.87,-2.27
-7.26,9.37
4.01,-8.37
-4.34,-1.7
2.65,-0.49
-3.04,-7.57
-3.54,-7.41
-0.95,-4.78
0.58,-8.1
3.38,-0.56
5.72,-8.66
-9.93,8.03
-1.42,-8.58
6.86,0.76
6.18,1.68
4.79,9.23
-7.6,-8.47
9.49,8.31
-2.53,5.89
-1.27,4.95
-9.19,-2.74
-3.94,-5.85
-5.69,-1.91
4.76,0.69
-6.18,-5.01
-6.36,3.09
-3.64,-1.93
3.9,0.49
8.14,-5.3
2.89,1.67
-7.32,8.06
7.31,6.13
6.95,-7.53
3.65,-9.6
0.98,-4.05
-4.13,0.63
2.07,1.83
3.87,3.95
1.6,3.24
-5.75,0.55
-7.46,0.48
-0.29,-1.83
-9.58,-8.71
3.26,-0.28
0.02,0.29
1.14,-0.22
-5.01,4.27
-9.66,-5.11
4.75,-4.45
2.66,9.91
6.13,2.64
5.75,1.02
-7.97,-7.22
0.77,3.63
2.29,-5.88
5.82,-0.38
-9.7,9.87
1.3,-6.24
7.9,-8.54
-8.35,4.5
-1.04,4.01
-5.22,-6.14
