5.11,-0.69
9.98,3.57
-0.79,5.19
-3.86,-1.06
1.7,0.2
7.02,4.37
4.4,-1.25
-1.94,-2.21
3.35,0.18
-7.07,-5.62
9.43,-0.74
0.56,-0.83
7.61,-4.54
8.72,-4.63
-8.91,1.9
-5.57,3.98
-9.61,-1.95
-3.55,-2.04
-7.37,8.01
-0.6,4.94
-6.72,-6.44
1.9,-5.57
7.83,3.93
4.25,1.21
0.87,-3.59
4.76,6.79
9.09,-0.91
-1.22,-1.79
6.76,8.1
-8.17,3.59
-9.71,0.94
0.92,-2.21
-3.14,-6.25
0.88,-4.87
-4.34,5.61
5.66,2.34
-6.53,-1.23
7.54,3.77
5.27,9.47
1.98,5.91
-2.57,-6.35
1.67,-2.1
-9.65,0.5
9.85,7.85
4.28,5.97
-8.28,-3.8
-8.5,2.52
-3.8,-2.32
2.82,3.5
9.06,-4.46
5.52,-8.99
-2.24,2.03
-2.31,0.61
5.24,-3.3
-4,3.02
-8.2,6.68
5.94,-0.31
4.53,0.17
8.97,-1.15
6.03,1.35
4.63,0.92
-3.93,-2.02
6.82,6.12
5.2,-1.68
7.33,-9.3
6.78,-6.74
-4.99,-9.91
-4.38,-9.41
-0.11,5.6
-7.65,2.6
2.42,8.09
-8.32,6.54
-7.99,6.46
0.44,0.83
-0.31,2.66
4.8,0.78
-0.01,-6.89
-9.33,0.95
-0.61,2.7
-6.09,7.88
5.71,-9.9
-5.82,8.08
-2.67,6.02
6.52,0.61
0.19,-7.79
-3.97,-7.93
-0.21,-5
-6.1,-8.8
6.12,0.57
4.61,-5.66
-1.1,7.63
2.99,-9.57
9.54,-2.65
3.52,-7.12
-4.65,-2.36
5.74,0.82
-5.77,-2.85
-3.58,4.54
-3.24,-9.41
7.75,2.16
6.01,-4.12
2.89,-9.32
-1.49,3.1
4.52,0.73
2.33,-3.28
6.46,-4.08
3.98,2.49
-1.03,2.24
7.1,-7.42
5.4,5.06
1.11,8.05
0.68,0.95
-7.84,9.81
-2.79,7.89
4.44,-6.57
-5.62,-2.51
7.18,4.13
-4.97,-5.28
9.98,2.66
0.7,1.85
7.45,-8.95
4.21,3.55
-3.35,-5.8
-7.5,0.72
4.74,4.23
1.97,-2.51
-8.19,2.1
-1.28,-8.34
4.06,-3.29
-8,-0.92
-7.98,7.21
-1.42,-1.32
-9.45,9.35
-4.66,-7.56
-7.05,1.52
-1.49,-6.29
-7.16,0.16
-3.09,5.01
9.25,-7.4
-9.04,4.04
-1.83,1.19
-5.91,4.5
4.68,-6.09
9.29,0.16
-3.21,-1.11
4.99,1.09
0.78,1.18
-8.92,5.12
9.27,9.89
-2.75,9.63
3.5,-8.43
-2.09,-0.2
-9.54,-5.65
-7.52,9.01
-3.61,3.44
6.13,-3.2
3.8,2.82
-0.98,-7.19
3.29,-0.97
-7.52,3.43
-9.76,-0.17
-7.47,9.22
-6.9,-2.03
-1.72,7.36
2.51,0.84
3.11,-4.32
-4.4,6.8
-3.82,4.16
-2.88,-5.77
-2.15,8.6
-6.25,4.87
-1.91,-8.34
-2.27,-9.56
0.62,-5.49
1.31,-2.03
-1.37,-8
4.37,1.98
9.66,8.88
-5.87,-9.26
-2.1,0.44
-0.36,6.51
1.3,0.02
0.62,-3.76
-8.59,-0.85
1.8,6.8
9.47,-8.32
-2.85,1.91
3.71,-7.82
-1.38,3.92
6.32,9.29
4.63,2.26
-3.84,9.9
-6.62,4.24
-0.07,1.68
5.17,6.92
6.41,-9.52
7.62,3.57
-6.29,5.6
3.57,9.66
-1.58,7.53
9.66,-3.64
9.08,3.59
2.04,-1.98
-4.31,6.69
-6.14,6.12
-5.5,-3.97
5.84,-6.29
5.65,-0.27
9.42,-9.15
3.32,-3.12
-9.21,-5.59
-4.79,1.62
-7.92,8.33
4.08,-7.71
-6.42,0.79
0.3,-6.09
1.29,4.42
-0.3,7.91
6.9,2.3
4.84,1.55
-6.81,-5.64
3.05,-3.06
6.35,7.97
-3.71,0.39
2.88,-6.71
-9.4,-1.97
-4.48,-0.83
5.68,-2.12
-0.74,-3.71
-4.97,-7.46
0.63,1.32
-1.88,8.13
-8.41,1.77
9.99,-9.16
7.52,2.48
-7.91,-6.96
-5.87,-9.08
-2,8.51
0.04,-5.52
-1.17,-9.37
-6.39,3.18
-6.21,9.03
-0.66,0.76
5.97,-4.48
-1.91,-0.48
9.09,8.61
4.99,-3.85
6.58,5.05
-1.68,-9.41
9.29,-5.25
0.86,4.98
-0.94,-7.88
-0.41,4.92
6.38,2.05
-1.45,5.1
5.62,7.61
-3.09,4.87
2.09,-5.63
-3.08,6.8
-5.06,-1.41
9.52,5.93
-0.89,-3.21
-0.18,8.43
-9.89,-7.68
-4.28,-5.33
-2.19,-8.38
6.95,-6.78
7.71,5.06
3.53,-8.7
-7.6,-0.68
2.89,2.37
-0.74,-2.22
-5.55,3.45
2.17,8.72
-2.43,-7.85
-9.77,-7.51
-3.71,-8.52
5.66,9.09
1.3,-3.8
6.5,-9.18
7.07,7.51
-6.5,7.51
7.01,2.38
-3.97,-8.05
-1.08,2.75
-9.48,-0.29
4.55,-1.91
-6.39,-0.34
0.67,4.02
3.38,6.3
-5.59,-5.33
-7.98,-7.97
4.7,-2.11
-2.43,8.24
3.87,6.6
7.54,2.64
-4.39,3.38
-8.84,-0.03
-9.63,-9.36
-2.74,-1.87
-9.83,-5.2
-7.76,-3.46
9.72,1.47
-4.93,-1.29
5.79,7.42
-5.71,7.73
1.92,-4.3
0.15,-0.45
-7.39,6.38
4.69,-7.84
9.2,8.71
-9.32,7.42
3.29,-7.04
3.31,7.03
-4.48,9.81
4.56,6.99
-7.97,-7.1
7.41,4.29
-3.42,-4.58
-9.81,7.04
8.26,3.72
-8.67,-1.03
9.33,-0.81
-6.48,-9.77
7.95,-9.21
7.27,0.78
-3.67,-5.44
-2.34,7.28
8.16,8.86
2.36,2.38
-7.91,5.95
4.02,-8.71
-5.88,-3.6
7.5,2.5
-4.82,-8.17
-5.59,-3.34
-9.7,-8.1
9.69,-7.86
5.16,7.73
-3.02,-1.75
-3.85,-2.03
9.9,-3.1
0.61,2.3
-5.85,1.04
2.84,-6.62
-5.39,-1.38
0.48,7.01
3.92,4.57
5.42,2.78
-6.55,9.08
6.16,5.67
8.44,6.87
-9.23,-8.93
-0.85,-8.81
-4.61,5.88
-6.67,-6.02
4.79,-8.63
5.92,7.35
-2.45,6.49
-8.94,-1.64
-4.51,1.32
-5.7,-8.26
-3.1,-2.53
6.48,0.38
9.4,-7.19
-1.98,-2.38
2.85,-3.78
6.16,-1.93
9.64,9.14
-5.93,4.03
3.58,6.11
6.26,-2.52
2.32,-5.62
-4.91,9.48
9.46,5.17
6.97,1.86
0.84,-0.4
-2.47,9.51
5,-7.05
-0.94,3.87
3.33,-8.11
-3.6,-8.37
8.85,0.73
5.07,-2.78
3.05,-8.99
6.85,9.58
-1.74,-0.35
-3.21,0.35
3.73,4.27
-7.22,7.41
8.23,-7.39
-9.93,-5.39
3.61,-1.66
-1.43,-4.02
-3.29,2.36
9.23,6.8
6.2,-2.3
-3.82,-1.33
1.61,-1.12
4.49,4.99
-9.12,-0.69
-1.82,-2.76
5.45,-6.98
-1.43,6.62
-8.38,4.86
4.11,2.55
-7.01,-0.64
3.02,-4.65
-6.72,1.14
0.18,-2.59
4.84,-0.09
-0.09,2.21
-1.06,-2.04
-1.04,6.75
-0.93,-2.92
-8.27,-0.22
-6.97,-6.81
-7.75,9.38
-4.66,5.55
-4.33,0.81
-8.84,6.68
-1.51,-0.67
-2.17,-4.52
-5.23,5.78
4.95,7.02
0.2,5.2
6.99,8.5
-5.25,8.98
-5.43,-8.47
5.87,6.98
9.68,7.3
-0.33,-6.29
4.74,-9.57
-3.5,5.64
-1.11,-0.19
8.34,-1.54
-7.01,-1.64
-0.87,-1.13
-8.7,7.09
-6.99,1.58
-9.59,0.81
3.73,-8.19
-2.47,7.58
-2.56,-1.85
9.41,3.21
-2.89,-4.25
-0.5,1.03
-1.59,8.36
-5.38,-6.42
-5.2,8.5
9.14,4.12
-2.35,-9.1
0.82,2.68
-5.3,-9.61
6.52,1.84
0.53,6.66
1.82,5.02
7.26,6.11
3.9,0.02
2.79,4.43
-7.22,-7.14
2.55,4.57
-9.65,-1.79
1.82,-0.86
-1.63,-9.97
-1.9,-3.79
5.19,9.78
7.88,-2.88
0.15,2.89
-1.37,-9.07
-3.15,-6.36
3.88,5.84
-9.63,1.02
2.32,5.97
-5.57,8.28
8.56,-1.27
2.5,9.8
-6.2,-8.63
-2.8,5.78
9.73,2.94
6.06,1.89
-1.34,-7.67
1.1,6.75
5.73,-6.84
7.55,-8.48
-0.27,9.06
8.14,9.78
-9.69,1.95
7.85,7.81
1.69,-9.52
7.21,-4.54
-6.61,-3.42
-5.02,4.23
-6.19,4.58
6.54,-8.1
7.45,-5.91
3.73,0.69
-8.86,-0.64
3.77,-2.05
7.92,2.15
1.72,6.59
5.57,3.68
9.26,-7.7
7.52,4.29
2.28,9.72
-6.2,-1.62
6.51,0.55
9.94,7.66
-3.24,-6.54
0.86,4.65
4,-4.1
1.7,-7.57
1.51,-9.96
7.92,6.24
-5.54,8.58
-3.29,5.79
2.08,5.78
0.1,4.66
-2.13,7.26
-0.3,-0.99
8.46,9.26
1.27,0.49
-5.73,-1.16
-7.69,4.42
-1.7,-2.96
-1.41,5.83
-7.16,-0.23
1.88,-8.2
8.99,1.54
7.77,9.16
0.21,4.2
0.82,-3.87
-9.36,-6.91
7.4,1.2
-4.63,-8.63
-4.77,-5.73
-7.89,0.83
2.36,-2.35
0.15,-6.82
-5.57,0
0.16,5.86
7.46,4.29
7.11,-6.15
-4.84,-3.18
4.39,3.63
6.42,5.61
9.13,-8.71
6.27,9.19
-8.1,2.71
-8.02,3.75
8.93,-7.15
2.88,5.93
0.59,0.04
5.5,1.47
0.49,1.02
-0.5,-5.03
-4.33,-0.38
8.34,3.64
-4.14,-2.5
-0.87,-8.72
5.17,4.69
0.66,-7.55
0.26,6.44
-4.21,-7.24
8.31,-6.04
-6.87,6.23
-8.66,4.76
-8.75,6.14
5.38,8.35
1.69,5.12
-6.61,0.87
-7.83,-9.76
4.47,4.63
-4.63,-8
-9.71,-4.34
0.93,3.98
5.94,4.24
-1.54,7.13
9.4,-2
6.44,2.95
6.55,2.65
6.6,-9.77
-6.98,1.81
-6.05,0.06
8.66,-5.9
6.78,5.92
1.05,-3.93
3.19,5.43
3.87,-4.91
-9.97,-9.55
-4.69,-0.57
-2.78,-0.1
9.27,-4.84
-5.94,-0.74
1.2,1.17
9.78,-9.17
-3.84,6.75
1.79,4.13
-3.42,4.75
-5.13,-8.58
-3.69,-2.95
7.43,-1.87
-2.99,-3.07
6.65,0.15
-1.84,-7.06
2.16,-1.74
6.32,-5.52
0.06,6.06
9.92,-6.56
0.62,8.39
-9.51,8.46
1.86,-1.36
0.85,8.44
2.61,4.95
6.6,4.13
-9.16,4.59
4.28,7.98
4.05,-4.01
-1.08,-2.87
8.25,0.17
8.7,6.89
-9.5,-0.64
-7.33,5.53
1.29,2.82
2,-4.36
-7.14,-8.94
-8.09,-3.27
3.3,2.52
-6.94,2.98
6.22,2.69
-6.26,-0.45
-5.68,-2.13
5.2,3.89
7.56,5.93
-9.17,5.98
-6.06,-0.47
-6.67,-0.93
-8.26,5.56
7.21,-2.63
-5.62,-9.14
-0.03,-5.27
5.73,-9.53
-0.72,8.34
-4.92,-8.9
5.43,0.97
-0.53,-5.42
2.03,3.1
3.74,-9.13
-5.96,-7.01
-9.39,-5.2
-9.48,-6.75
7.3,6.53
-7.15,6
-5.91,1.35
7.92,-4.12
1.57,4.47
-6.9,-8.7
-1.2,-5.52
-8.58,5.34
-0.82,-4.77
2.57,8.33
4.31,-7.78
-3.21,7.99
2.64,5.8
3.94,0.51
5.15,-8.05
7.13,-2.31
-0.96,-3.29
-0.25,-4.97
7.1,1.35
-7.29,5.36
-3.82,1.63
2.28,7.24
-3.77,3.82
4.38,-4.7
-8.77,1.12
0.98,-2.97
-4.09,6.88
2.75,-3.76
4.57,-6.61
3,-3.43
5.35,8.59
7.27,0.31
4.6,9.43
-9.38,8.88
-3.36,-6.88
7.37,8.11
3.58,-0.03
-8.61,-7.14
-7.62,6.97
-2.59,7.19
0.9,1.92
1.15,5.76
8.48,4.46
-8.18,-5.87
-6.36,-2.95
-8.81,-1.38
-4.61,2.34
-1.85,9.42
9.89,-4
5.41,-6.81
2.54,3.89
6.15,2.9
-9.16,-5.35
5.73,-1.06
6.05,-8.4
9.03,7.23
9.5,-0.04
-3.47,3.84
-4.22,-3.33
1.08,-9.76
-4.93,-9.66
0.99,-6.03
-7.75,1.06
4.51,-7.98
5.46,-1.98
8.56,-2.51
-5.92,9.11
-5.58,-9.53
-5.29,-1.12
-1.2,6.59
-1.05,-9.7
-2.6,6.39
-8.25,-7.54
3.33,1.9
3.9,3.01
-1.27,-9.31
3.44,1.46
-6.31,-7.52
1.3,2.96
-8.01,-6.41
1.94,-6.41
-2.78,1.98
-8.82,-5.66
4.93,-1
1.25,0.18
-6.36,8.51
-2.98,2.76
1.17,-4.89
4.3,-9.8
1.02,-1.52
-5.46,8.38
-0.8,-0.08
-5.55,2.59
-1.01,-4.96
4.4,2.6
-6.25,4.46
-3.12,1.95
5.48,5.5
-2.97,6.61
3.67,4.36
-4.94,-1.92
-1.92,9.14
4.69,0.08
-1.34,8.81
-6.85,9.78
3.69,9.51
-3.1,9.74
-3.51,-0.12
-8.07,2.74
-8.09,4.64
-7.65,-8.23
-4.76,6.6
-4.94,1.85
8.43,-6.29
-3.53,-5.6
0.77,3.52
5.12,-5.1
9.89,9.36
-5.42,-9.52
-7.79,10
-3.03,-4.56
4.72,-7.51
0.98,-7.82
-2.7,9.54
6.9,5.24
5.29,-7.37
8.85,0.81
-7.68,4.98
-6.84,5.45
-4.31,-4.81
-5.2,-4.6
-0.52,5.47
-6.23,5.07
2.14,-4.75
-4.39,6.42
4.9,-6.5
8.68,-9.16
7.15,8.89
-0.46,5.2
7.38,2.51
9.69,7.8
5.6,-0.66
4.03,-4.69
-4.55,-7.5
-5.04,1.3
7.58,2.49
0.88,-2.2
-1.29,-8.22
-9.82,3.19
1.09,-7.6
8.88,-1.33
-0.25,-1.06
-8.17,7.1
2.57,-7.95
-4.43,-5.05
0.11,2.88
-8.03,-0.35
-7.56,2.37
-2.02,-2.93
2.16,-8.31
0.23,-2.68
4.64,-2.4
-9.72,-4.95
-1.37,-3.97
9.91,1.09
-0.23,-8.16
2.5,2.65
-0.67,9.73
3.77,-0.14
-7,3.96
0.84,2.07
8.76,-5.85
5.43,-1.73
-4.32,1.41
-2.26,-9.69
7.86,-3.78
8.68,-6.98
-2.21,1.66
-9.9,1.42
-6.09,9.81
7.99,-0.53
0.19,2.05
-7.49,-6.89
4.5,6.02
-9.3,-8.79
2.34,-0.3
-2.19,2.76
-1.94,-6.6
-2.57,9.64
-7.24,-7.68
3.07,-0.98
-2.58,7.57
5.54,-4.64
-8.68,5.7
-5.22,8.23
7.62,-2.84
6.5,-8.85
-7.1,-9.38
-7.16,-6.71
1.63,-9.17
3.15,-6.28
5.97,5.28
-6.05,-5.86
-5.97,-5.86
-2.27,2.4
4.07,-6.99
-5.41,-1.75
-1.1,-7.4
-4.79,-9.79
7.74,-4.01
-1.36,0.82
0.59,1.46
-7.17,5.06
2.85,5.31
4.17,-4.43
4.21,7.23
9.72,-3.5
-9.8,-0.36
-6.68,-2.7
-3.81,-3.34
-5.96,1.73
2.82,4.65
-1.61,3.96
-7.74,-7.14
6.9,-3.69
-1.29,8.25
-8.48,-1.41
9.15,0.41
-3.86,3.16
-7.58,4.2
-9.31,-7.41
-1,4.38
-2.75,0.42
0.45,1.98
-7.8,5
-8.91,0.82
-7.44,-8.32
1.21,0.95
5.14,-2.22
3.53,7.21
3.58,-9.25
-9.67,2.57
-9.96,-6.99
3.01,0.12
1.37,-5.75
6.98,-9.76
9.87,9.41
2.33,7.28
7.11,-4.7
-1.37,2.85
6.01,-9.55
5.84,0.68
3.47,-3.8
2.9,-1.29
-1.63,-8.56
-1.91,1.16
7.61,9.95
-6.63,9.13
-7.46,-4.22
-2.36,5.13
-7.72,-3.44
-3.98,-6.17
-2.47,5.62
4.17,9.11
-7.01,-0.72
-0.06,-3.16
1.86,7.08
-6.08,-4.05
-4.42,2.39
-9.89,9.25
6.38,-2.29
-2.51,-7.16
1.83,-4.22
3.13,9.19
-0.18,-5.7
-0.19,6.31
7.33,-7.59
-0.2,-0.09
-2.63,-3.46
-3.73,-5.1
-1.64,-9.58
-1.82,-9.66
2.22,5.02
2.58,-7.03
-2.91,-9.31
8.94,-9.15
-5.17,-3.6
-9.48,9.85
-4.54,3.19
-6.79,0.41
-0.27,-8.9
4.9,6.02
-0.36,2.8
-4.57,-6.04
8.75,-2.11
0.52,-0.15
1.81,4.31
-8.51,0.73
8.33,-6.23
1.27,-6.11
7.97,-4.74
5.3,-8.48
-6.5,7.81
-8.18,4.97
0.59,-1.87
9.26,2.56
4.37,8.09
5.16,-9.12
3.91,8.07
-9.99,-7.74
-9.05,-6.02
0.35,-1.79
-4.88,-5.53
-0.64,1.36
5.39,-0.84
8.17,-9.56
9.99,3.89
7.25,5.23
4.18,-1.84
3.94,-2.78
-5.33,9.52
5.82,3.38
-6.17,-4.81
1.13,-3.88
-6.8,-3.81
3.12,-6.94
4.57,-9.55
0.22,-7.87
-8.43,-5.52
5.32,-3.55
8.36,-3.05
-7.04,-3.64
-0.18,0.81
0.28,-0.7
-7.2,-8.3
2.05,-9.17
0.57,8.81
2.72,-9.9
-2.37,-4.81
-0.79,-7.42
-5.54,-8.92
-4.09,-5.3
-7.67,6.17
-7.71,-9.12
9.55,0.05
9.38,9.85
-9.2,3.02
-5.66,5.77
6.67,1.92
0.93,0.41
-7.38,8.38
7.29,9.2
4.95,5.38
0.32,3.7
1.29,-1.97
3.83,-6.73
-0.59,0.82
-3.01,-2.28
-3.7,2.46
-1.26,9.09
7.57,1.69
-4.79,6.53
-9.95,3.93
-8.21,-5.26
4.06,8.42
-6.26,8.29
-3.82,-9.63
-6.71,1.64
0.68,1.38
-3.63,-7.1
-4.06,-8.67
7.52,1.49
-0.88,8.61
0.55,7.44
-9.27,6.24
-8.86,-1.46
3.94,7.13
0.34,1.95
-9.48,-1.89
6.54,-2.27
0.71,3.25
-8.35,-6.04
5.67,8.36
-9.91,-0.43
-3.81,7.35
0.41,1.73
8.52,7.86
5.31,-8.9
-8.09,0.31
4.61,9.09
8.47,2.29
-1.35,2.65
4.02,-1.09
-6.75,3.83
-9.62,6.03
-9.67,4.78
-1.62,1.42
9.41,8.09
-4.46,8.29
6.1,-5.23
4.67,-0.15
-5.38,-0.29
-9.58,4.56
-5.2,8.26
-1.73,-9.49
-7.78,6.2
7.85,9.37
1.39,-8.36
9.97,-2.84
-8.02,-0.57
-9.2,-9.91
5.57,-5.56
8.67,-3.17
-3.37,-9.44
8.38,5.17
7.43,-0.3
1.7,8.66
-1.46,-5.22
6.84,8.68
-4.04,6.8
7.96,-6.6
-6.05,1.94
-8.71,0.67
7.67,-8.9
5.89,9.19
1.19,7.13
1.15,-5.12
-1.4,-1.54
7.65,-7.73
-4.23,-0.11
-2.26,-9.9
-8.4,3.07
-10,-1.97
0.85,9.16
-4.68,0.19
-4.33,0.07
1.53,5.58
6.31,0.61
-5.87,7.96
3.52,6.04
-6.2,-7.17
-9.07,-4.27
3.98,0.71
-1.58,3.7
-5.83,6.7
-3.6,3.15
-3.33,9.31
3.7,8.16
4.76,1.79
1.4,-2.62
-9.59,-0.49
7.33,8.24
-9.74,-4.49
8.73,3.22
6.46,3.97
6.01,-1.19
-0.86,-7.85
-3.95,-6
6.23,4.19
5.47,-7.5
9.44,6.28
1.81,8.93
3.14,-1.98
-5.45,5.63
-5.92,9.02
-2.2,2.69
-3.83,8.84
0.28,-8.69
0.56,5.47
7.65,-5.53
-0.83,9.39
3.72,9.46
-9.34,3.64
2.62,-4.79
7.38,-0.83
-4.1,3.43
3.09,8.87
-4.76,-0.01
-2.71,-6.34
-9.91,2.71
-8.22,-8.68
4.55,-5.45
-6.76,-6.51
-0.3,-3.51
5.54,5.96
1.49,-2.16
-7.51,-1.49
-1,1.68
6.81,-1.11
0.65,-2.97
-4.56,-1.69
5.02,-5.29
-8.14,1.97
8.97,0.83
-8.67,2.46
5.22,-7.18
3.91,9.71
-0.28,-1.54
0.84,-8.95
5.53,-2.36
-9.51,5.24
-9.55,-2.38
-3.13,5.66
8.99,-5
9.41,-8.82
-5.26,7.08
3.65,-5.11
-1.72,5.68
4.92,3.41
-6.61,2.97
-6.24,2.67
0.64,3.02
-9.08,5.26
7.05,-5.89
6.08,-8.47
3.59,4.02
4.02,2.94
-4.37,0.21
2.55,-1.1
8.01,5.2
-7.29,7.71
1.37,3.9
-5.48,-2.85
-9.92,-9.23
9.33,3.39
9.97,-9.82
-0.79,4.43
-7.35,-4.04
-5.44,7.68
-2,9.21
-8.4,-2.7
6.43,-1.19
6.8,-9.81
7.81,-7.18
3.04,-5.87
0.77,-2.07
-6.22,5.35
-0.59,-8.73
0.62,-8.73
-1.1,0.15
2.56,4.56
-4.83,-4.13
-7.15,-0.96
-8.92,7.83
6.98,4.1
3.38,-3.32
1.94,-1.14
-2.4,-5.82
-0.12,8.5
-5.6,-4.53
-2.77,-3.9
-7.63,-1.91
9.27,-8.17
8.36,-5.08
-3.97,-2.65
-6.1,-3.29
8.98,9.82
5.07,-5.22
-7.79,-7.25
-2.33,0.76
5.07,-1.6
2.36,-4.71
0.35,-6.83
-4.35,0.45
-4.07,8.9
-5.35,5.88
-4.31,-7.63
2.32,9.07
-5.53,-7.07
3.88,-2.67
4.76,-6.18
-5.59,1.31
1.37,-9.78
-0.61,-2.64
-5.21,-9.53
-3.63,-5.86
9.09,-8.42
-3.32,-0.62
-9.62,4.85
1.25,3.72
1.31,-5.05
3.9,1.83
1.92,-2.4
-4.61,-7.91
3.55,-6.41
-5.37,-0.97
0.67,-3.05
6.75,-5.56
-3.3,1.32
6.7,3.13
5.34,7.13
-4.15,4.3
-8.32,-7.06
-6.58,-8.96
-3.48,6.82
3.17,5.47
6.21,-6
8.32,-1.93
-2.34,-0.95
8.02,8.66
-3.17,4.26
0.19,-7.08
9.02,-7.33
-8.5,-8.77
-4.55,5.49
-3.46,-4.67
4.13,-2.64
-2.01,-4.01
-9.65,2.89
-4.83,5.6
-2.77,-7.46
-5.8,-5.83
1.25,-9.64
2.26,-7.91
5.56,-8.91
-5.64,-9.87
-4.03,-7.7
7.69,7.45
-9.52,5.13
3.44,-5.69
-8.36,2.57
7.5,-7.16
-8.81,-9.33
-7.09,5.28
-7.51,4.06
-7.43,-7.48
3.72,-5.95
-7.71,3.84
-7.11,-5.62
2.83,5.02
-7.33,-0.54
-5.4,-4.59
-8.32,4.98
-3.8,2.88
4.7,-6.87
-7.74,3.02
-5.94,0.99
-5.68,9.02
-7.57,-0.03
-8.45,4.45
-2.75,9.5
2.7,4.39
-4.64,-5.96
4.23,-3.18
6.45,-1.19
-2.12,8.11
3.59,3.5
1.34,2.69
9.27,-2.95
-0.25,4.76
6.15,-3.13
3.35,-9.34
5.48,2.4
9.44,5.38
5.46,-1.01
6.95,5.86
3.25,7.57
-8.36,-1.74
-7.96,3.35
-5.44,7.61
2.87,3.97
-7.58,4.33
-9.04,-3.89
-0.68,3.15
-3.83,-1.89
6.39,-4.31
-6.21,-6.38
-4.29,1.09
-8.97,-2.96
5.55,-3.9
-3.53,-3.21
4.58,-6.88
5.37,0.65
2.04,-8.73
6.07,1.63
-5.51,3.55
7,-8.62
-0.57,-5.9
-6.22,8.43
5.1,2.67
-8.01,8.32
-1.5,2.97
-1.09,-8.64
1.11,7.26
3,-2.85
8.84,-1.55
-0.11,-5.55
3.93,-1.71
-6.12,7.62
-6.17,1.05
0.4,1.35
1.87,-3.66
-4.17,7.85
-1.22,8.09
-5.87,-8.05
-6.2,8.22
-2.41,-3.72
-1.72,-6.16
-4.03,4.92
5.15,8.67
-3.85,-0.98
4.75,-0.55
5.25,5.76
-9.32,-5.95
-8.12,-8.15
4.16,0.22
-6.72,7.53
3.22,-3.93
-7.58,2.75
-1.85,8.95
-6.66,6.49
5.96,-7.74
-2.19,-3.84
-5.79,5.1
4.78,-7.09
2.35,-3.01
6.66,-0.78
5.07,9.45
6.46,-4.11
-6.5,0.71
-6.46,4.34
-6.92,-5.94
-4.33,-7.58
5.93,-7.02
-1.27,3.14
6.43,-5.89
2.16,-7.81
-0.35,3.62
-3.26,-3.94
8.44,0.23
6.92,7.66
6.55,-7.46
-3.95,-3.42
-5.04,-1.03
7.14,-9.12
-3.02,-8.67
-8.36,-4.29
1.27,9.5
1.2,-1.98
-9.41,-9.76
3.3,-5.13
1.17,-7.56
-1.04,-4.75
3.96,1.87
2.61,0.07
4.72,9.48
2.86,-1.65
9.25,3.02
9.56,4.82
1.13,-3.24
9.66,0.28
7.27,7.38
-7.02,-5.6
4.99,8.51
7.48,-3.75
-3.65,7.15
4.07,-2.89
2.64,-1.94
0.71,-4.76
3.26,9.14
3.42,3.44
9.13,-7.4
-0.95,4.58
-6.88,-3.79
-8.81,-2.09
-7.92,-4.69
-9.64,0.85
-9.41,4.99
-6.2,-2.14
-6.36,1.26
4.84,3.33
-3.59,4.66
6.98,-3.63
0.93,8.89
-2.51,-2.38
-5.27,-4.79
-5.32,7.41
-7.37,9.92
0.23,1.86
2.58,-7.15
7.69,-4.99
-9.43,-9.97
5.73,1.94
8.99,7.46
2.84,-9.44
-7.66,-8.97
1.94,-0.79
-8.96,-8.46
6.21,-2.23
4.78,-8.34
6.68,1.06
-2.5,1.91
-8.07,-2.27
7.69,-1.76
-0.97,4.06
-4.5,-0.75
9.88,9.85
0.02,-4.35
6.57,-6.95
6.29,-9.52
7.96,-2.2
6.47,-5.25
8.89,-1.69
9.47,6.72
0.04,4.36
9.76,9.63
-5.94,7.65
-6.02,5.85
0.8,0.38
3.08,-4.74
5.7,5.09
5.65,2.7
-2.88,-6.44
3.64,-0.14
2.94,-3.8
6.32,-7.21
4.2,6.66
2.41,-6.36
-5.73,9.11
-3.24,-3.31
-5.37,-5.81
-3.59,4.78
-8.2,-0.09
3.88,5.4
-9.07,3.92
-9.25,4.78
0.35,2.95
3.45,-6.01
7.53,8.86
-9.48,4
-7.89,-8.28
1.27,9.96
8.22,5.92
-3.58,-6.77
8.92,6.49
1.13,7.18
-4.19,-1.88
2.96,3.17
0.69,-5.27
-4.11,3.83
-5.17,4.83
3.26,-9.47
5.34,5.34
8.81,-7.33
6.97,7.53
2.73,-2.1
-8.88,-1.22
-5.85,6.17
0.33,-4.29
-4.16,-3.89
-4.58,-0.28
6.59,-0.55
0.95,-4.57
-0.19,4.94
2.56,2.24
-4.49,-7.86
-0.45,1.55
-9.18,-5.18
-9.01,0.05
7.3,9.85
2.25,-8.64
1.56,-8.07
3.61,9.97
4.79,-2.17
8.15,2.01
2.13,0.15
-1.99,-0.41
0.44,-7.1
-3.96,-3.49
3.84,4.13
5.01,-5.68
2.14,2.77
-5.19,-9.74
-4.84,-6.37
-4.9,-0.69
-2.53,4.38
6.58,9.07
9.37,-6.64
6.51,-5.01
9.75,6.88
-5.91,1.43
-8.42,4.19
3.73,6.27
6.62,-8.27
-5.64,3.52
5.15,8.58
-2.02,7.57
-9.69,-2.63
1.93,7.16
2.36,3.98
0.58,-6.81
9.95,1.34
-2.64,8.95
6.65,6.01
1.73,2.85
-9.91,7.72
3.71,-8.45
-8.06,5.66
2.15,3.44
-9.91,-6.16
7.27,8.6
-4.09,7.3
1.23,-8.23
1.22,4.05
-2.96,-1
5.91,-1.54
4.29,-1.15
2.02,-5.08
-1.24,8.07
1.25,-3.64
-6.12,-1.68
-6.65,-7.42
0.44,-1.96
4.49,8.33
-1.02,8.41
2.24,0.18
-5.75,2.14
-7.84,7.27
4.64,-6.68
6.73,2.6
-7.84,-2.46
-1.77,-5.21
-6.23,0.25
0.18,3
0.09,-4.69
3.22,-9.46
-5.81,-1.34
6.99,-7.94
-3.39,4.48
5.95,-0.88
-4.5,-7.25
5.77,-2.9
-3.16,-7.59
2.46,-0.18
4.26,-2.88
-3.87,-5.68
2.41,-4.91
6.8,4.28
-9.85,-8.27
4.34,0.76
9.52,-0.02
5.32,3.63
-3.52,4.87
6.76,-0.92
6.72,7.33
-1.99,-4.57
8.69,-2.01
-5.07,9.88
-7.81,-6.76
2.58,-1.3
-3.8,-3.58
-7.71,5.46
5.71,9.04
7.05,-5.98
8.67,8.21
-7.32,-0.19
3.35,6.62
-3.29,8.21
1.42,-2.58
-8.34,0.42
1.82,-8.51
1.57,-3.98
-8.12,-7.58
-7.98,9.63
8.24,4.68
-7.72,6.75
-2.54,9.51
-2.95,0.8
8.22,2.76
-5.98,5.04
-2.69,-2.19
-3.73,-0.77
-3,-7.4
-0.66,0.41
0.73,-3.34
-9.78,-7.39
2.36,8.9
-5.89,-7.18
7.88,8.05
-6.33,7.49
2.09,3.19
-4.78,-6.49
-0.53,-2.06
-8.67,0.16
-9.76,5.78
-7.82,-1
-3.76,-5.14
3.54,-0.79
-1.16,4.44
-5.29,-9.34
-0.2,-6.13
8.57,7.42
-3.47,-6.41
-2.77,-8.59
7.09,-1.56
9.34,-7.29
8.54,-0.63
-5.92,-9.72
8.6,8.59
5.88,-7.37
0.27,-7.29
5.32,1.28
4.72,6.21
-1.77,-1.6
0.7,-7.22
-2.37,5.96
4.27,-0.18
-5.11,-0.05
-0.23,8.84
9.61,-5.41
-2.68,2.55
-6.51,7.79
-2.86,8.57
-9.08,7.62
5.64,1.37
3.32,2.15
7.65,-8.26
-0.21,-1.51
2.18,5.56
9.71,8.32
-6.47,-3.05
-7.95,-3.82
5.34,-4.08
-4.54,8.58
1.63,8.19
-5.63,2.91
0.66,-6.2
-6.37,8.22
9.28,3.75
8.28,4.58
-5.42,9.15
7.48,-7.01
-6.99,-6.05
-3.04,-7.36
3.67,-2.46
-2.8,3.13
0.13,-0.5
3.9,-2.53
-0.29,-1.5
-0.14,-2.79
3.36,-5.29
6.06,-1.33
3.13,-6.76
2.43,-7.22
-2,6.37
-9.81,9.77
-1.58,1.46
-5.26,1.84
-7.43,8.24
7.17,5.27
-3.3,-0.08
-1.11,3.21
8.38,5.86
-7.23,9.1
-6.98,-6.63
4.87,2.25
-9.16,7.17
-9.78,-7.88
8.11,-8.99
-7.39,8
-8.97,5.1
-0.42,9.43
7.4,5.66
7.84,-2.26
-4.2,4.34
-7.08,-6.5
-1.26,5.15
-5.44,8.36
5.48,-6.27
7.81,0.21
9.87,9.16
8.36,5.07
7.76,-4.08
-0.72,-8.65
-9.58,9.16
4.87,4.41
5.62,1.05
-2.78,-1.46
7.89,5.29
-7.64,4.68
-3.55,1.05
1.48,-2.29
4.55,1.96
3.28,5.05
-7.51,-8.57
-9.31,-3.07
1.4,7.39
3.36,-7.03
0.78,-7.13
1.38,7.74
7.09,9.35
9.84,8.85
4.36,0.39
4.72,-7.76
7.11,7.66
-0.75,-9.25
-9.56,-2.04
-4.29,-5.93
-5.04,-2.93
4.15,4.19
8.98,-5.12
-6.16,-4.51
7.06,8.95
-6.45,-3.68
-0.32,-7.29
-0.38,-5.53
8.23,-3.49
1.16,-2.82
0.98,8.46
3.43,-9.36
3.67,-0.13
-1.63,2.67
-6.44,7.29
-8.07,8.98
5.96,5.38
0.31,-5.32
-4.36,-9.15
4.25,-2.19
-6.17,0.75
0.6,-1.17
-3.44,0.49
-3.77,2.73
-2.9,-2.86
5.76,-7.63
6.66,2.18
-3,-2.26
-3.87,-9.67
-4.92,-0.07
-1.61,-5.35
8.51,6.68
8.52,3.8
0.97,-6.91
-6.18,7.93
2.8,-5.43
-8.32,-6.45
-2.9,-8.91
1.17,-1.01
0.36,-3.29
-3.55,0.05
2.11,-1.66
-4.36,-1.88
-4.73,-0.44
0.19,3.64
1.27,-9.61
5.4,-2.54
2.58,-1.25
8.87,1.34
-9.32,0.78
0.45,-2.47
7.1,3.25
0.72,1.58
-4.65,-2.31
-4.52,-6.28
2.05,3.14
-0.55,6.07
9.93,-0.71
-1.59,8.94
-1.91,-0.89
1.32,4.53
7.92,9.45
-0.3,-5.97
-3.32,5.14
-9.78,0.92
9.57,9.94
-3.65,-5.21
-1.86,9.67
-9.85,-2.55
-7.58,-5.75
7.22,-8.12
-3.78,3.7
-6.35,0.13
-2.4,7.9
0.77,8.02
9.72,-4.87
0.23,-1.11
-2.95,5.77
-9.59,1.32
0.24,3.17
2.34,9.57
-0.52,-8.13
-2.99,-3.1
-9.46,-9.54
-8.93,5.2
1.66,-2.45
1.8,-0.2
-0.71,-5.15
8.16,-6.47
-0.72,1.36
7.3,-2.17
-6.81,-4.61
-4.33,1.56
-5.24,3.24
2.51,7.63
3.49,-2.05
1.78,1.53
-6.4,3.66
-5.16,1.58
0.76,4.06
6.86,-3.14
-0.46,-6.55
1.76,4.51
-1.54,-4.44
0.27,5.1
-1.65,-0.85
2.09,-4.2
-6.65,7.43
9.4,5.42
3.91,9.13
-3.82,-0.69
6.68,6.62
6.53,-9.04
-7.41,-6.82
-1.36,0.21
2.84,-8.55
2.1,3.95
6.43,-2.13
3.89,-6.57
4.04,1.51
1.19,7
5.61,-6.4
-4.61,0.84
4.13,4.97
5.47,2.03
-9.61,3.18
7.25,-0.53
1.16,8.76
2.03,7.99
-4.37,3.99
-2.83,-6.27
7.95,0.44
-5.23,7.59
-6.99,1.75
-8.21,-0.62
-9.02,-1.81
9.4,-8.86
-0.16,7.34
8.14,3.49
5.03,-7.2
-7.42,8.72
-4.99,-6.25
-4.41,-5.91
-2.17,-9.64
-6.36,9.05
7.03,-2.78
-8.77,-8.22
9.82,-4.5
-8.41,2.68
-0.39,1.26
2.83,-3.23
-2.7,-4.25
3.23,6.49
-0.56,4.62
-1.82,8.77
2.69,-1.72
-6.81,5.74
-8.28,-1.3
-9.76,4.34
3.05,-0.6
-6.36,5.56
-0.62,2.29
-7.71,-1.11
6.42,5.78
-0.58,4.72
-3.89,3.32
7.55,-2.57
-8.15,-0.78
8.55,5.42
7.93,7.65
5.19,8.41
4.16,-5.51
3.15,-5.73
0.08,3.66
2.9,7.23
3.58,-5.97
-9.39,3.43
-9.54,-3.03
4.82,-5.14
-6.1,-1.45
7.39,-0.33
4.78,5.61
-8.86,-6.02
0.82,8.49
-4.59,-2.08
-9.48,-3.13
7.59,3.39
3.62,-2.14
0.24,2.29
-3.34,-9.24
-2.97,5.4
-4.44,5.02
-7.47,-4.1
-5.68,3.17
-7.12,-5.92
-3.48,1.46
3.55,8.66
-4.09,-0.61
0.9,8.56
0.17,3.81
-7.27,-2.13
1.43,7.02
0.68,-8.66
2.1,-9.04
9.5,8.54
-3.19,3.2
0.31,-0.61
0.91,-3.71
1.35,9.28
1.35,9.29
-7.43,4.3
-4.33,3.04
-0.39,7.73
-5.86,5.07
6.58,-5.31
6.64,-2.4
-8.58,-0.78
1.13,9.62
4.98,-1.3
7.3,-3.47
-2.63,8.16
-4.59,-0.73
-3.12,9.29
0.42,-8.22
-9.57,5.43
-6.78,6.79
-0.48,0.73
9.79,8.49
-1.72,3.52
3.79,3.64
4.01,-7.56
2.96,6.11
-5.2,0.36
8.29,7.65
-6.48,-6.4
-2.33,6.65
-3.17,-6.21
-2.07,-3.52
-8.85,3.89
5.18,-4.01
-4.07,3.77
-0.59,-4.74
4.79,-7.19
1.78,0.63
6.08,9.42
8.46,-7.76
7.22,6.63
-2.51,0.31
2.13,-9.77
-9.56,-5.24
5.38,4.89
-4.58,-0.49
0.04,7.04
-5.18,-0.82
-8.76,2.48
8.45,3.41
-3.38,2.69
-4.32,9.35
8.43,2.17
1.08,4.87
-2.12,1.61
0.84,-9.49
-1.02,-0.34
6.75,4.4
-2.41,7.15
1.16,9.78
3.73,0.52
-6.45,-8.55
-5.09,-1.81
-3.14,1.33
-1.07,0.09
-8.92,8.61
-7.04,-1.54
-2.99,-4.68
9.69,7.6
6.27,5.07
-7.93,2.97
0.69,0.01
-2.69,2.97
-8.34,-1.28
6.43,-5.82
-9.76,-8.48
4.72,9.86
-9.91,-9.26
9,-2.21
-8.83,2.03
-0.26,3.17
-4.09,7.25
9.55,8.37
5.72,-7.17
4.21,2.8
-1,-1.33
-5.65,4.35
9.07,-4.74
-7.52,-8.81
3.29,7.25
2.72,-2.81
8.56,5.48
9.03,8.33
-1.7,-2.36
5.19,1.09
2.77,-0.13
1.88,6.03
1.58,-2.06
-8.51,-3.88
-0.31,5.53
6.46,4.25
3.86,-2.43
-0.56,-9.23
5.9,3.59
-0.76,-4.59
1.6,-8.24
-5.66,-1.16
-3.51,9.73
4.91,4.54
-9.3,5.63
8.24,8.85
7.64,6.36
2.76,-5.93
1.34,4.84
-3.69,-2.43
-8.04,0.22
3.72,-5.54
6.44,8.83
-8.24,8.13
-2.64,-3.29
-10,1.29
7.11,7.11
1.2,-0.29
7.54,6.42
8.5,-2.33
9.54,-7.53
-7.48,-9.56
-7.98,8.79
3.11,-8.74
3.46,4.28
0.6,8.72
-5.3,-2.84
-0.23,-1.56
-6.17,-9.94
-0.15,-1.07
10,-0.67
-0.87,-8.77
-0.19,-6.43
-0.73,-3.19
-9.77,7.99
0.23,1.09
-4,-1.33
4.94,-3.4
7.62,-2.49
-9.67,-2.73
-5.95,-3.15
-3.98,-4.91
8.53,-0.48
5.73,-1.39
-0.97,7.11
7.53,-7.43
-0.97,6.84
6.68,-5.2
-7.12,7.43
-3.51,7.25
-9.7,-6.54
9.16,1.62
-7.01,0.22
-3.64,0.85
-7.35,1.66
-7.68,-2.36
1.7,8
2.91,-0.14
-3.87,5.85
8.67,1.65
-1.39,-2.53
2.98,1.96
-8,-9.9
-4.3,2.16
-4.4,2.47
-8.21,-1.85
-8.09,7.21
6.77,0.61
-8.91,2.2
-2.48,8
6.64,5.62
-7.81,-2.12
4.23,5.25
-6.02,-5.01
-0.77,2.71
-8.49,-4.15
9.52,-0.11
-5.93,-0.12
-8.7,1.16
1.01,1.93
-4.82,6.89
-6.11,-0.68
-0.14,8.63
-4.49,0.3
9.43,-2.98
-6.27,-9.84
9.17,3.4
1.77,9.93
-6.6,-4.33
-5.65,0
5.98,6.01
-6.6,4.99
6.67,-0.16
6.12,4.62
6.48,-2.82
-0.42,5.04
9.12,-8.34
-9.32,-4.83
-2.14,-6.52
3.4,-7.32
0.39,-0.93
-1.88,4.96
0.48,3.8
-2.97,1.55
7.1,4.73
-7.47,-3.3
6.45,-0.15
-4.88,3.52
-2.52,3.06
-6.51,4.32
-0.72,-0.17
-3.92,-4.7
7.26,-6.13
-9.19,2.54
7.63,-9.22
-0.4,-1.15
-8.81,-7.88
-3.51,-3.06
7.81,2.06
4.8,-3.46
9.8,2.06
7.5,-4.45
-2.91,-2.7
-6.87,-7.49
-4.41,0.01
-3.48,-2.2
3.29,-1.6
-3.14,-4.46
-9.18,-2.74
-3.87,-3.19
-2.19,-6.67
2.71,-1.06
1.32,-3.27
1.97,6.42
-6.4,-4.3
4.53,-6.4
6.57,7.61
-6.37,-8.43
-8.43,-4.21
0.39,3.63
-1.02,5.48
9.15,6.71
7.85,3.43
-4.22,-1.24
2.81,-7.39
8.26,-9.18
7.47,3.63
5.55,-9.01
-8.89,-2.99
7.41,-7.23
4.05,8.72
4.99,-0.58
-7.79,-4.18
-2.31,2.87
-6.67,6.59
8.76,-5.95
5.23,5.86
-3.57,8.3
-1.41,-3.22
-4.26,9.64
-4.02,3.59
-4.84,9.39
6.01,9.62
7.5,5.39
-6.7,-2.84
3.12,5.47
3.99,-2.53
9.61,8.07
-1.49,-7.91
-9.76,0.51
-1.41,4.5
-2.63,3.47
-5.2,-3.41
8.84,8.66
-5.8,2.39
4.24,4.52
-4.92,-1.53
4.1,-3.2
-1.69,6.96
-1.67,-0.23
5.07,-8.92
-5.02,2.76
-2.47,-1.18
9.43,7.24
-5.41,-9.7
0.88,-4.57
-7.43,-1.05
4.21,3.95
-9.2,-4.15
6.15,8.51
0.63,-8.6
7.78,6.36
-8.52,-4.84
5.94,4
-4.38,4.46
4.59,2.63
5.6,0.75
3.26,-3.29
3.94,-6.15
0.52,1.53
5.73,-0.52
-7.12,9.5
-0.5,-0.14
6.25,1.31
6.89,7.79
-7.33,-0.93
1.72,4.97
3.88,-5.19
-8.64,-2.55
-5.19,-0.48
-3.75,7.58
9.31,7.25
-6.98,0.73
8.39,-5.45
-6.59,8.54
3.23,-2.92
-8.66,-3.86
-9.65,7.01
4.13,-4.2
-9.61,-8.81
-2.22,4.16
-9.76,-2.29
-3.74,-6.48
-6.93,3.31
2.33,0.23
-3.16,-7.55
9.68,-2.46
1.32,5.45
2.3,-8.61
-1.39,3.08
1.57,-3.78
-7.09,-5.28
0.96,9.15
-5.93,-9.57
-0.89,-0.37
-3.55,-0.03
3.09,4.68
-1.34,-0.05
-9.41,-3.46
-9.72,2.57
4.27,7.63
-0.11,7.24
-6.89,-5.04
8.22,-6.6
6.71,-2.98
6.5,-0.84
-6.61,-7.06
-3.83,3.52
-3.84,6.29
-2.74,2.34
-8.65,7.36
9.74,4.03
-6.76,-4.17
-5.34,-1.19
5.71,7.94
-5.31,-2.03
-7.67,-6.76
-5.27,7.37
1.92,-3.45
-4.3,-1.98
4.71,3.17
1.17,8
7.75,-0.32
-9.55,-8.16
-6.11,-1.72
-3.68,-0.66
3.54,6.01
-3.39,4.33
-4.17,9.85
9.58,2.77
-2.72,3.7
0.32,6.2
7.48,-7.55
-3.8,3.03
-8.3,-1
2.76,4.05
5.85,-5.5
-6.61,0.36
-6.08,-1.03
1.22,-1.52
-0.49,4.18
-3.97,2.42
0.68,5.23
-2.15,8.24
6.35,7.25
6.5,9.46
-5.36,-8.65
-3.29,-5.36
-2.19,-1.95
0.23,4.47
9.12,-8.34
7.41,6.94
-4.12,-2.56
-7.37,7
-4.79,2.1
7.42,-3.29
7.97,-0.93
-6.52,2.42
-7.84,-5.51
1.02,7.24
4.23,-6.64
-8.38,-5.17
2.84,0.21
6.72,-3.25
-7.23,2.54
8.03,-0.13
9.95,3.42
-6.9,-2.74
2.25,-1.26
7.84,2.35
-2.34,9.8
0.7,1.51
-6.2,-5.36
-4.48,-8.86
4.19,0.58
-3.46,0.02
4.21,8.69
5.18,6.58
5.53,9.8
-6.81,-1.33
-6.18,-2.54
-5.95,-6.21
1.47,-0.78
-8.28,1.24
-2.95,-4.82
1.57,-4.63
-0.57,-9.63
-2.61,7.18
-5.61,-6.56
-7.67,3.37
-7.21,-8.1
-2.12,3.87
-3.1,-9.93
3.73,-8.88
-0.31,-5.25
-4.24,-2.65
-7.54,4.38
-9.15,2.29
-7.09,0.23
0.03,6.7
1.71,3.14
-6.02,-6.74
1.37,-0.43
2.97,7.06
6.58,-4.11
7.5,6.36
-0.02,2.59
-6,-0.75
7.8,8.66
-5.34,9.42
-9.3,-1.9
7.36,3.18
-8.68,-4.61
-4.6,7.56
9,-8.58
2.63,-9.79
4.37,5.28
4.23,4.35
2.37,-3.83
-4.11,-5.5
5.06,4.92
9.47,-1.88
2.26,5.92
6.42,-1.24
0.22,0.91
-7.32,-3.73
-4.44,4
-5.15,8.53
-0.2,-1.3
1.69,-2.34
2.88,-5.63
2.97,2.1
9.48,-5.51
-2.02,-1.82
-2.28,1.04
-4.97,-2.54
-2.49,7.14
8.86,8.31
4.35,-7.11
-7.63,-7.58
-6.91,-4.25
-1.04,8.39
-1.96,-5.61
-9.46,-7.99
1.1,-0.64
9.78,-3.37
-4.57,6.24
9.12,-9.67
-1.62,1.31
-1.55,6.13
2.48,-9.86
6.93,5.69
-3.04,7.04
6.06,-2.58
-3.92,1.86
-7.2,-2.15
-8.8,-2.05
-6.42,4.49
2.08,5.29
6.25,8.18
7.8,-5.47
-2.05,5.35
6.17,3.68
2.87,7.1
2.28,-6.34
4.33,-2.5
0.14,2.42
-7.64,5.64
9.8,-7.29
4.65,8.87
-3.26,-6.99
-9.04,-0.63
4.91,0.94
-2.43,1.75
-5.55,-0.23
9.68,0.18
6.54,-2.89
8.8,-1.58
5.57,-3.31
-7.44,-4.99
1.38,1.6
-3.11,7.87
1.08,-3.82
8.84,8.84
-9.76,7.46
3.65,2.29
6.44,3.42
6.45,-8.72
-5.31,-4.3
6.02,-7.72
2.32,-9.93
2.94,-6.32
-0.87,-4.08
7.52,7.14
6.59,-8.88
-8.13,-0.78
9.73,-1.61
4.91,2.19
-8.45,-9.44
1.92,7.91
