8.59,1.27
3.77,0.74
1.61,1.07
7.46,0.72
4.57,0.63
4.37,1.02
8.48,0.56
5.53,0.3
5.42,1.93
0.12,1.56
8.75,0.83
6.28,0.66
3.55,0.65
4.67,1.71
2.4,0.4
6.27,1.1
4.52,0.48
3.79,0.65
0.08,1.41
8.66,1.53
7.55,0.79
2.97,0.7
5.26,0.81
7.11,0.54
6.8,1.5
5.93,1.74
3.82,1.33
7.14,1.85
9.42,1.66
4.66,0.68
9.99,0.64
1.04,0.77
3.23,1.09
9.96,0.87
4.15,0.88
7.56,1.61
8.73,1.5
1.28,1.64
4.19,0.55
1.46,0.73
3.17,0.45
2.74,1.71
4.85,1.32
7.91,0.58
9,0.4
7.47,1.01
2.14,1.03
6.99,1.67
9.93,1.44
7.78,0.84
5.95,2
2.05,1.63
2.92,1.58
2.3,1.85
5.42,1.09
9.63,0.95
9.31,1.06
5.11,0.31
3.71,1.04
8.95,1.4
1.11,1.73
8.44,0.67
0.27,1.99
6.56,0.43
9.97,1.76
7.44,0.37
5.47,0.86
8.61,0.73
3.47,1.38
9.69,1.94
8.42,1.76
7.22,1.77
6.88,0.45
6.31,1.01
5.62,1.04
7.79,1
7.1,1.39
9.17,1.89
7.14,0.42
9.54,1.89
5.84,1.43
0.11,1.72
0.42,1.49
7.19,0.81
1.47,1.74
6.7,1.12
2.04,1.2
4.94,1.23
1.12,0.71
8.66,1.25
0.16,1.9
9.12,0.58
4.04,0.39
1.14,1.67
1.93,0.97
2.28,1.33
9.26,0.62
5.63,1.11
5.53,1.65
8.82,0.6
5.92,1.58
2.9,1.65
6.68,1.73
5.91,1.29
6.36,0.64
1.84,0.65
6.72,0.87
8.3,1.04
8.77,1.54
3.11,0.86
0.56,1.92
9.02,0.45
5.99,1.06
8.72,1.64
7.13,0.96
3.86,0.6
0.74,1.56
4.11,1.86
0.94,1.07
0.73,1.82
3.84,0.57
5.38,0.61
8.46,1.09
4.24,1.45
4.25,1.99
7.7,1.66
1.69,0.98
2.68,1.02
7.02,1.84
4.57,1.88
4.56,1.29
2.29,1.39
0.92,1.52
6.58,0.72
1.06,1.06
4.41,1.87
3.09,0.38
8.7,0.59
1.92,0.58
5.22,1.1
2.1,1.05
6.42,1.96
1.03,1.47
5.8,1.94
6.78,1.86
2.14,1.71
4.84,1.95
2.01,1.45
2.6,1.16
3,1.11
6.18,1.26
9.9,0.79
6.49,0.52
9.78,0.54
1.22,1.48
5.29,0.68
2.68,1.66
9.32,0.97
4.15,0.66
6.17,1.45
4.63,0.37
4.37,0.87
6.25,1.98
6,0.77
8.78,1.31
6.97,1.24
2.91,0.76
2.96,1.12
6.15,0.35
1.15,1.36
3.48,1.3
5.29,1.97
3.21,1.61
7.56,0.87
1.74,0.67
3.83,1.59
5.99,1.9
4.46,1.13
4.29,1.04
1.97,1.95
9.25,1.89
4.56,1.91
2.64,1.67
4.63,0.89
4.27,0.77
1.41,1.39
5.47,0.59
7.71,0.96
4.46,1.53
1.98,1.25
1.75,1.36
5.18,0.57
7.36,0.67
7.79,1.68
7.67,1.7
0.1,1.95
8.08,1.43
7.7,1.84
0.31,1.61
4.87,1.45
7.48,1.27
3.13,0.85
3.5,0.42
7.47,1.63
9.9,1.85
6.57,1.85
3.5,1.97
0.3,1.39
1.31,0.8
3.37,1.12
3.74,1.14
5.05,0.67
1.67,1.05
5.74,1.41
8.44,1.01
1.88,0.43
4.77,1.83
2.7,1.22
9.6,1.62
3.23,1.49
2.06,1.7
1.47,1.45
5.74,1.6
0.19,1.49
1.21,0.37
5.27,0.34
6.83,1.07
2.33,1.42
0.18,1.91
6.26,1.25
7.31,0.96
1.93,1.94
9.73,1.59
7.95,0.84
1.16,0.6
2.59,0.45
9.29,1.88
6.97,0.71
1.26,1.41
2.33,0.48
9.64,0.41
6.73,1.36
1.4,1.22
3.97,1.86
3.81,1.18
3.12,1.13
8.98,0.46
2.93,0.36
7.07,1.37
2.91,0.48
6.43,0.87
1.26,1.21
4.57,1.84
7.71,1.91
7.44,1.09
6.6,0.52
8.75,1.35
6.72,0.68
5.35,1.63
3.73,1.2
1.91,0.42
3.21,0.81
8.64,1.7
8.45,1.22
3.31,1.94
6.61,0.51
6.64,1.32
2.46,0.43
1.77,1.81
3.59,1.34
9.32,1.48
8.27,1.53
2.28,0.37
0.49,1.8
2.99,1.59
1.84,1.53
5.6,1.33
8.14,0.55
5.66,1.37
0.6,1.58
3.33,1.48
3.58,1.24
1.98,1.97
6.32,1.07
1.05,1.4
5.76,1.38
7.39,1.22
0.4,1.24
1.45,1.58
1.09,0.53
2.29,0.32
1.24,0.83
0.36,0.71
3.38,1.31
8.78,1.65
2.83,0.74
7.15,1.96
1.32,0.56
1.61,0.75
8.3,1.17
2.8,0.48
9.1,1.32
4.42,2
7.48,1.14
3.28,1.22
3.04,0.75
3.65,0.41
5.16,0.59
5.33,1.64
0.46,1.72
0.21,0.53
1.21,0.62
2.21,1.98
9.93,0.82
4.3,1.46
3.02,1.93
9.47,0.81
4.8,1.18
5.67,0.88
0.12,0.57
7.81,1.46
2.04,0.75
7.29,0.51
8.48,0.53
0.1,0.71
3.18,1.77
4.29,0.37
0.54,1.64
5.52,1.85
7.14,1.97
3.47,0.87
3.88,0.94
7.76,1.17
4.46,0.81
1.55,0.5
2.57,1.75
7.65,0.73
8.77,0.42
1.9,1
4.63,1.89
3.74,0.44
1.33,1.58
0.55,0.64
7.09,1.08
6.25,1.2
4.23,1.94
6.16,0.38
2.05,1.18
7.47,0.92
5.56,1.15
8.54,0.84
0.11,1.48
8.06,1.54
6.24,1.23
1.43,1.34
3,1.96
5.87,1.06
3.04,0.45
2.46,0.48
8.69,1.56
7.77,1.59
3.07,1.8
6.61,1.83
1.94,1.84
6.1,1.47
1.63,1.53
9.16,0.96
0.15,1.3
0.3,0.83
1.63,1.03
7.81,1.43
6.37,1.73
8,1.12
4.46,1.83
5.21,1.72
3.21,1.95
1.55,1.66
4.01,1.33
5.96,1.73
4.83,0.35
6.98,0.79
3.94,1.33
8.74,0.69
3.03,1.44
9.55,0.66
6.66,0.47
7.34,1.82
2.16,0.78
4.25,0.49
8.84,0.58
4.1,0.49
7.56,0.39
1.94,1.19
6.2,1.6
0.4,0.48
2.75,1.82
2.99,0.3
1.25,1.43
8.28,0.92
5.07,0.97
6.18,0.44
7.38,1.8
6.91,1.4
9.54,0.49
6.99,1.93
9.79,0.91
7,1.14
0.82,1.46
4.32,0.51
5.81,0.41
3.09,0.7
3.86,1.08
2.12,1.69
2.4,1.58
3.67,1.86
0.04,0.85
6.7,1.08
6.03,1.4
3.86,1.46
3.19,0.63
6.49,0.82
6.79,0.49
4.06,1.09
2.58,1.74
8.72,0.96
6.33,1.54
6.7,1.14
0.07,0.35
8.7,1.72
3.38,0.88
0.73,0.38
7.16,1.23
8.27,0.99
5.68,0.41
0.67,0.38
6.58,1.94
4.75,1.62
5.05,0.97
1.74,1.35
9.09,1.26
9.02,0.66
0.66,1.33
1.35,1.4
8.66,0.31
8.08,0.3
0.78,1
2.74,1.9
8.75,0.6
9.51,1.07
5.54,0.98
7.05,0.38
0.67,1.8
8.16,1.88
9.88,1.74
1.73,0.48
7.38,1.52
4.64,1.18
5.34,0.71
6.72,0.38
7.03,0.36
8.04,0.97
8.67,1.71
2.09,0.44
5.59,1.18
0.1,0.87
4.8,0.56
6.23,0.97
1.33,0.53
6.77,1.81
4.93,0.49
5.88,0.53
7.67,1.43
6.07,0.79
5.09,1.85
4.58,1.52
7.72,1.81
6.44,0.93
1.19,0.96
9.8,0.78
4.98,1.74
7.48,1.08
0.14,1.79
3.77,1.09
0.11,1.61
2.38,1.16
0.8,0.45
8.24,1.71
0.16,0.32
1.77,1.97
5.51,1.24
5.4,0.45
1.65,0.98
4.28,0.47
9.64,1.13
0.91,1.83
2.01,1.12
3.26,1.1
7.24,1.42
8.31,1.41
7.34,0.71
1.02,0.93
0,0.57
7.8,1.09
6.34,1.83
4.42,1.32
6.06,1.5
0.65,0.94
6.71,1.11
1.61,0.39
1.84,0.42
3.53,1.73
4.1,0.96
7.55,0.33
1.2,1.65
7.01,1.84
9.76,1.44
7.62,0.55
8.56,1.39
1.62,0.56
8.83,0.99
1.97,0.36
9.13,1.2
3.91,0.86
5.53,0.57
1.13,0.99
1.48,0.63
4.13,0.39
4.92,1.96
2.03,1.34
0.02,1.73
2.03,0.87
8.44,1.39
4.27,0.47
0.39,1.01
5.97,1.18
6.39,1.02
3.01,1.92
8.71,0.39
9.39,1.44
1.61,1.12
4.54,1.65
4.58,0.81
3.06,1.75
0.4,0.59
5.37,0.37
6.08,1.51
1.17,1.25
6.89,0.86
7.68,1.31
0.69,0.35
1.77,1.82
6.65,1.45
2.53,1.85
3.72,0.83
9.57,0.8
0.69,0.63
6.32,0.88
9.97,1.12
8.7,1.04
6.19,0.34
9.98,0.74
1.48,0.48
6.56,1.48
0.07,1.64
8.76,0.96
4.65,1.51
2.03,1.27
9.39,1.19
2.02,1.52
8.43,0.6
3.07,0.61
8.67,1.02
1.09,1.18
1.6,1.2
8.6,0.56
8.06,1.05
8.88,1.06
4.1,1.77
8.2,1.3
4.15,1.12
4.96,0.47
1.97,0.9
4.28,1.85
4.17,1.5
7.63,1.11
7.5,0.32
5.19,0.6
0.93,1.88
0.55,1.81
0.09,0.52
6.09,0.5
4.43,0.33
6.49,1.76
1.63,0.99
8.36,0.42
2.02,1.85
1.95,0.78
3.61,1.18
2.17,1.11
0.21,0.88
3.54,1.07
1.24,1.23
0.88,1.52
0.55,1.09
9.55,0.85
3.32,0.4
3.63,0.71
2.82,0.71
9.89,0.31
3.82,1.37
1.91,0.66
5.95,1.81
6.34,1.82
3.78,1.05
1.66,0.36
4.67,0.63
6.55,1.07
9.54,1.06
6.09,1.99
1.85,0.81
0.78,2
5.45,0.62
5.97,1.79
1.23,1.84
4.75,1.51
2.7,0.42
0.67,1.46
1.33,1.02
5.74,1.17
4.35,1.19
2.48,0.98
5.43,1.01
1.84,1.25
3.05,1.48
2.67,1.92
8.69,0.71
0.08,1.47
5.88,0.67
7.78,0.73
7.85,1
8.13,1.41
9.11,1.75
7.53,0.36
6.59,1.71
8.89,0.62
8.19,1.45
4.6,0.54
1.83,1.58
6.14,1.59
8.86,0.52
8.14,0.87
0.88,0.91
7.44,1.03
6.46,1.48
8.59,0.59
7.37,0.71
6.57,1.6
1.3,0.42
1.19,1.18
2.44,1.86
6.78,0.77
3.23,0.6
4.77,1.71
9.56,1.15
7.81,1.34
3.11,1.63
7.44,0.93
8.54,1.25
8.08,0.48
9.84,0.54
5.58,1.21
0.89,0.85
4.13,0.74
8.69,1.12
5.07,0.32
0.91,0.42
6.54,0.56
7.79,0.54
1.69,0.81
1.84,1.14
1.58,1.44
5.47,1.37
4.45,0.45
7.04,1.04
7.28,0.31
8.4,2
5.26,1.43
5.67,1.5
6.95,0.49
6.4,1.7
8.01,1.01
8.42,1.8
0.63,0.75
5.46,1.58
4.14,1.61
7.79,0.87
1.19,0.94
5.94,1
1.63,1.34
7.02,1.67
1.18,0.54
3.53,0.77
6.17,0.51
2.82,0.71
9.15,1.38
0,1.61
7.85,1.64
0.72,1.75
3.17,1.52
3.53,1.61
6.61,0.95
1.86,0.54
4.18,0.7
7.47,1.34
4.81,1.74
4.21,1.85
5.68,1.74
0.24,0.52
6.33,0.59
7.41,1.38
5.55,1.85
2.97,1.01
1.44,0.68
9.5,0.36
2.07,1.92
3.17,1.33
0.85,0.8
8.07,0.75
8.17,0.9
5.6,0.62
6.34,0.47
5.71,0.97
5.05,1.17
2.32,1.97
9.89,1.05
1.31,0.91
8.82,0.64
1.65,1.72
9.79,1.82
7.22,1.44
4.32,1.94
4.16,1.67
1.12,0.63
4.66,1.71
8.51,0.63
0.85,1.29
6.53,0.9
8.21,1.72
6.16,1.96
7.18,1.65
0.33,1.83
5.52,1.09
2.62,0.38
9.01,1.02
3.6,0.55
0.41,2
3.09,0.5
3.03,1.81
5.63,1.55
5.31,1.67
7.43,1.89
8.32,0.42
7.4,1.83
1.38,1.03
8.93,0.34
9.87,0.47
0.93,0.84
0.32,0.67
6.47,1.97
2.52,1.38
2.65,1.15
7.18,1.98
8.77,0.85
5.8,0.51
3.29,0.83
4.86,1.06
0.3,1.07
6.64,0.66
8.16,0.99
5.26,0.98
2.94,1.71
7.29,1.69
0.04,0.85
9.33,1.36
6.07,1.05
5.58,1.55
4.74,1.54
2.41,0.37
0.08,0.57
9.98,0.88
2.36,1.77
6.79,1.2
2.02,1.37
0.5,1.86
4.07,1.33
2.98,1.79
9.29,1.24
1.42,1.28
4.69,1.43
7.77,0.98
0.19,0.68
9.06,1.65
1.58,1.83
2.88,1.08
4.09,0.4
5.38,0.92
9.57,1.76
0.94,0.57
2.93,1.41
8.89,0.8
3.3,1.38
2.26,0.3
3.26,0.52
6.45,1.02
2.8,0.44
2.95,1.95
8.66,0.43
6.31,0.93
4.64,1.94
9.74,1.07
2.45,0.97
2.52,0.5
6.38,1.25
5.78,1.9
5.09,1.54
1.17,1.53
6.7,0.63
5.98,1.07
6.52,1.78
3.42,1.15
2.98,0.79
0.21,1.88
2.11,0.43
0.03,1.85
8.73,1.88
1.41,1.01
4.86,0.48
8.63,1.18
3.66,1.68
1.16,1.95
9.49,0.53
2.36,0.43
3.87,0.88
7.13,1.38
5.75,1.86
4.96,1.77
0.08,1.01
3.15,1.38
8.19,1.92
5.35,1.65
1.28,0.66
6.43,1.21
7.34,1.45
5.26,0.85
8.56,0.56
1.33,1.2
2.28,1.87
1.8,1.93
1.9,1.3
0,1.86
9.25,0.93
6.21,0.75
1.36,1.17
4.35,0.74
0,0.48
7.83,0.84
8.17,0.63
0.46,1.57
8.92,0.94
0.44,0.42
3.2,0.65
4.89,0.89
5.85,1.53
5.87,0.94
6.89,1.77
2.5,1.51
1.65,0.57
4.22,0.3
9.66,0.64
6.39,1.88
6.96,1.45
4.6,1.44
6.26,1.81
3.33,1
0.9,1.53
3.01,0.85
4.53,1.95
3.27,0.58
7.56,1.24
3.33,1.32
2.95,0.67
5.3,1.88
2.94,0.39
4.34,1.38
2.95,1.7
5.35,1.79
5.1,1.39
5.34,0.71
2.94,1.97
6.05,1.78
0.41,1.06
0.13,1.85
1.79,0.84
4.21,1.17
6.1,0.37
0,0.34
0.45,0.8
5.21,1.08
0.98,0.4
9.63,1.02
9.86,1.89
6.04,1.19
5.02,1.47
7.92,1.99
8.03,1.31
6.89,1
3.43,1.86
8.48,1.51
2.75,1.86
7.36,1.22
8.38,0.71
0.21,0.76
5.55,1.86
9.83,0.89
9.28,0.3
5.99,0.78
6.1,0.71
5.89,0.36
5.95,0.36
4.72,1.7
9.35,0.98
9.35,1.65
2.24,0.42
1.05,1.82
2.99,2
0.61,1.82
2.31,1.49
3.28,0.68
8.29,1.05
3.62,1.06
3.42,1.62
4.16,1.36
3.64,0.77
7.92,1.88
4.15,0.58
2.36,1.62
7.65,0.35
2.06,1.06
8.66,1.2
8.01,0.33
7.96,1.81
3.71,0.41
8.19,1.12
4.75,0.43
4.85,1.26
6.35,1.77
5.13,0.56
5.89,1.25
8.95,1.94
5.14,1.01
5.64,0.86
0.71,1.09
9.6,0.35
1.84,1.56
8.46,1.56
0.1,1.53
8.39,0.37
2.8,1.41
5.03,0.42
0.95,0.6
6.25,0.94
3.81,1.84
3.29,1.53
7.68,1.42
8.67,0.37
1.96,0.73
1.07,0.64
7.03,1.16
3.28,1.13
5.42,0.7
4.57,0.62
3.56,0.47
5.57,0.81
9.61,1.19
3.37,1.1
1.28,1.65
1.09,0.96
6.05,0.55
8.61,1.67
8.03,1.99
6.02,1.45
7.95,0.79
4.74,1.36
7.86,1.52
8.66,1.86
9.5,0.65
4.97,1.62
5.61,0.66
8.03,0.65
9.61,1.02
2.1,1.94
7.57,0.83
2.83,0.6
8.69,1.34
0.58,2
6.36,0.62
1.18,1.89
1.72,0.31
2.3,0.94
0.96,1.15
2.38,0.9
6.97,1.34
2.88,1.79
0.4,0.54
9.11,0.34
0.93,0.36
0.29,1.96
4.78,1.09
6.86,0.99
3.89,0.67
6.22,1.71
4.62,0.78
3.64,1.4
8.99,0.47
1.97,1.62
1.8,1.28
1.86,1.1
8.54,0.67
4.8,1.31
2.67,1.47
8.23,1.48
8.79,0.55
6.73,1.53
4.79,1.67
2.73,1.17
1.77,1.67
1.32,0.46
4.82,0.98
7.56,1.88
2.3,1.05
1.96,1.95
9.41,1.66
1.76,0.44
4.48,0.88
5.77,0.9
4.01,0.6
7.98,1.66
3.95,1.79
4.06,0.3
3.43,1.98
4.01,1.97
5.96,1.96
6.71,1.65
1.72,1.19
8.65,1.71
9.02,1.26
5.97,0.4
3.64,1.89
9.85,0.37
2.28,1.84
6.77,1.4
7.04,0.46
6.48,1.07
6.41,1.42
0.65,1.53
3.86,0.36
7.38,1.54
0.62,0.96
3,0.34
8.39,1.58
5.28,0.73
2.05,0.63
5.66,1.08
7.96,1.04
5.96,0.35
6.43,1.57
7.11,1.03
8.92,1.53
5.81,0.64
0.65,0.43
1.88,1.89
7.54,0.87
6.38,1.97
3.04,0.8
4.39,0.59
0.34,0.31
5.79,1.63
6.57,1.77
6.55,0.88
6.15,0.93
8.55,0.88
7.87,1.15
6.58,0.97
5.26,0.7
3.84,1.47
1.93,0.69
5.16,0.58
4.88,1.15
6.99,0.56
4.44,1.99
6.42,1.3
0.53,1.93
5.38,1.89
5.67,0.39
4.87,1.04
5.61,1.65
3.14,0.63
5.39,0.54
1.94,0.47
6.57,0.73
7.78,0.81
9.11,0.53
4.98,1.11
4.48,1.21
6.29,0.78
9.77,1.41
0.78,1.53
7.29,1.4
4.19,1.26
7.27,0.65
1.41,0.95
9.5,1.72
2.23,0.99
4.57,0.75
0.52,1.95
2.5,0.9
2.98,1.21
6.37,1.69
7.67,0.8
5.93,1.98
8.44,1.29
4.14,1.12
0.39,1.8
7.86,0.39
1.18,1.56
4.49,0.73
4.24,1.57
6.15,1.3
2.9,1.6
5.61,0.99
2.52,1.67
4.86,0.78
8.07,1.73
6.79,1.05
1.1,1
7.05,1.39
6.53,1.46
9.04,0.42
7.94,1.17
3.41,0.97
8,1.12
2.27,1.61
7.82,0.92
8.6,1.34
2.07,1.01
1.7,0.33
1.75,1.12
2.47,0.54
8.2,1.61
2.08,1.27
9.33,0.57
4.96,0.39
7.26,1.83
6.7,0.51
7.98,0.44
3.67,0.46
8.25,0.4
5.57,1.52
7.53,0.32
5,0.77
3.83,0.85
8.66,1.28
3.16,1.91
3.71,0.57
2.9,0.31
9.74,1.78
8.56,0.37
5.23,0.64
1.08,1.56
0.2,1.89
0.3,0.43
4.01,0.4
0.17,0.79
3.31,1
5.29,1.74
7.7,1.11
8.96,1.75
4.83,1.52
7.43,0.72
2.45,1.89
1.15,1.9
2.19,0.5
6.87,1.01
2.35,0.46
3.57,0.56
2.4,1.22
9.01,1.5
5.86,1.93
4.21,0.9
6.19,0.5
1.66,0.56
6.12,1.94
2.74,1.55
2.7,0.83
4.2,1.94
6.69,1.64
3.3,0.73
0.49,0.8
5.34,1.74
0.44,1.27
4.43,1.88
4.42,0.66
7.46,0.34
5.27,1.01
0.73,1.23
2.11,1.55
3.07,0.88
7.91,0.4
0.4,1.16
5.2,1.05
6.78,1.57
4.51,0.78
7.48,1.06
3.2,1.24
5.17,0.75
1.29,0.3
4.01,1.04
6.74,0.37
7.49,1.47
4.47,0.9
3.09,1.73
2.98,1.2
6.1,1.72
5.96,1.53
6.03,0.49
4.3,1.92
0.05,1.87
6,1.97
3.64,0.51
5.48,0.39
4.48,1.44
6.19,1.43
0.18,1.11
4.58,1.96
9.73,0.93
8.57,1.9
0.24,0.55
9.45,0.75
1.54,0.94
4.66,0.3
3.81,0.8
8.68,0.99
8.49,0.45
7.1,0.54
9.7,1.95
8.66,0.53
7.67,1.14
3.15,0.71
8.46,1.17
3.57,1.54
7.04,1.18
2.31,0.68
1.92,1.48
6.62,1.72
0.99,2
5.77,1.25
6.28,2
4.96,1.44
1.09,1.86
2.05,1.04
7.31,1.09
2.43,1.23
8.38,1.38
2.5,1.01
8.06,0.39
2.31,1.33
6.62,0.79
9.44,0.85
3.16,0.32
8.23,1.28
9.37,0.71
6.05,1.55
1.66,1.24
1.32,0.51
4.48,0.71
6.45,0.31
2.5,0.3
0.42,1.97
3.05,1.7
8.36,0.31
9.92,1.2
4.36,1.27
9.98,1.92
9.58,1.1
5.76,1.64
2.8,0.68
0.38,0.43
6.38,1.48
6.47,0.56
5.29,1.67
9.16,0.95
3.33,1.41
0.26,0.83
7.9,1.41
5.37,1.77
7.24,0.33
1.42,0.69
7.5,0.54
0.84,0.78
8.88,0.68
9.9,1.1
4.93,1.14
9.96,1.42
3.81,1.6
7.99,1.39
1.65,0.45
0.13,1.59
8.57,0.35
8.6,1.16
6.6,1.87
8.39,1.65
7.29,1.93
0.17,0.88
0.83,1.65
1.52,0.64
6.48,1.67
0.11,1.56
2.13,1.47
5.22,1.86
4.72,1.74
3.22,1.49
7.29,1.62
7.69,0.6
8.86,1.14
8.04,1.58
6.24,0.85
2.23,1.21
8.68,1.67
7.86,1.03
5.58,0.59
2.58,1.06
5.93,1.72
0.29,1.1
0.07,0.65
3,1.93
1.95,1.07
9.76,0.72
1.07,0.48
7.55,1.81
3.46,0.99
8.04,0.87
0.14,1.26
8.49,0.63
1.89,0.34
8.81,1.4
9.27,1.59
9.7,1.42
1.76,1.51
4.65,0.75
9.36,1.56
0.23,0.88
7.97,0.67
2.37,1.25
8.08,1.06
5.8,1.78
6.39,1.58
6.59,1.52
4.93,1.99
1.23,1.89
3.82,0.52
0.11,1.01
0.31,0.75
6.7,0.82
7.01,1.44
7.56,0.54
7.61,1.04
9.81,0.4
7.03,0.51
7.68,0.91
1.53,0.69
5.52,0.67
7.67,1.36
0.02,1.72
2.58,0.9
4.91,1.79
2.7,0.6
3.13,1.51
5.15,0.92
4.65,1.92
2.88,1.98
8.58,1.86
1.86,1.6
1.78,0.68
5.06,0.82
0.44,1.97
5.18,1.03
7.7,1.99
3.92,0.47
2.74,1.19
2.42,1.13
0.21,1.61
1.76,1.02
9.02,1.95
5.8,0.52
0.22,0.98
0.55,1.71
1.01,1.22
8.89,1.43
3.13,1.95
6.3,1.63
2.83,0.98
3.09,1.12
7.17,0.51
0.37,1.14
8.07,1.66
1.39,0.49
8.94,0.36
6.26,0.61
0.54,1.42
4.5,1.81
4.33,0.96
1.98,0.77
0.11,0.86
9.02,1.41
7.05,1.22
9.62,0.59
3.91,0.99
0.75,0.31
3.52,0.61
8.5,1.42
5.76,1.88
9.89,1.83
0.94,0.43
0.15,1.73
0.31,1.44
4.47,0.58
3,1.87
5.89,1.51
9.64,1.69
6.33,1.62
7.14,1.49
7.07,1.57
7.95,0.37
4.3,1.8
7.43,1.21
5.06,1.99
9.58,0.61
0.92,0.34
3.05,0.41
7.93,0.39
7.17,1.02
8.21,0.8
7.15,0.75
3.08,1.62
3.88,0.98
6,1.42
0.96,0.46
4.73,0.68
8.08,1.82
0.3,1.32
6.61,0.39
2.59,1.36
7.77,1.49
4.59,1.35
2.67,0.54
9.93,0.45
9.99,1.72
1.71,0.73
9.69,1.83
0.42,0.9
1.29,0.3
3.98,1.74
3.49,1.55
1.31,0.74
6.66,0.31
5.18,1.96
1.75,1.86
0.18,1.18
7.8,1.79
0.79,0.34
0.85,1.33
6.52,1.21
9.82,1.42
3.65,0.33
4.26,0.59
8.32,0.83
7.33,1.99
1.34,0.9
3.94,0.53
8.18,1.72
3.5,1.36
3.69,0.62
1.19,1.37
9.4,0.87
3.05,2
5.72,0.83
8.8,1.67
8.81,1.83
3.06,0.44
5.15,0.42
0.82,1.39
3.41,1.07
6.15,0.99
0.77,1.45
3.31,1
2.51,1.24
1.11,1.2
0.64,1.92
9.19,0.36
1.64,1.31
8.98,0.66
9.24,1.14
9.89,0.36
3.84,0.48
4.09,0.61
0.01,1.5
2.3,1.3
8.34,1.95
8.28,0.51
7.54,1.72
4.24,1.16
6.64,0.99
8.39,1.81
0.65,0.75
9.99,1.81
9.07,0.47
9.8,1.35
6.92,1.19
9.49,1.6
6.57,0.37
1.43,1.61
9.98,1.2
0.61,1.49
9.21,0.68
3.97,0.9
3.97,0.97
9.75,1.35
9.47,1.39
2.92,1.96
0.52,1.32
2.59,0.59
8.37,1.46
3.62,1.93
7.33,1.72
1.75,1.42
4.81,1.53
1.94,0.31
8.4,0.43
2.07,1.4
2.19,0.51
9.03,1.11
1.52,1.7
3.15,1.03
5.15,1.87
7.09,1.86
0.15,1.47
6.97,0.71
4.71,1.13
2.75,0.66
1.7,0.95
9.58,1.82
2.67,0.94
1.62,1.71
9.49,0.77
0.4,0.82
2.03,1.74
5.88,0.62
9.73,1.88
6.04,1.96
2.85,0.56
3.93,0.6
4.38,1.93
7.78,1.05
7.07,1.54
8.42,0.84
4.06,1.78
0.24,1.09
2.43,0.3
4.61,1.5
8.4,0.96
5.25,1.24
1.21,0.74
2.38,0.85
9.48,0.72
7.62,1.33
3.83,1.08
0.81,1.44
8.65,1.71
2.26,1.97
9.11,0.36
8.8,1.88
9.53,1.23
4.06,1.75
8.63,1.55
6.83,0.77
5.1,1.87
4.13,1.38
2.05,0.39
3.52,0.33
1.05,0.87
5.54,0.34
4.84,0.33
5.23,1.56
3.96,0.88
3.44,0.89
3.1,0.41
4.56,1.04
5.13,0.63
4.61,1.26
0.53,1.42
9.21,0.34
4.6,1.74
5.35,1.21
5.62,1.33
7.63,1.62
5.67,1.7
4.73,0.69
5.62,0.88
5.03,0.83
1.1,0.75
5.75,0.85
0.94,1.33
5.14,0.89
1.62,1.69
2.44,0.68
0.82,0.99
6.72,0.56
0.53,0.75
9.17,1.39
9.42,1.99
8.82,0.95
0.89,1.92
5.74,1.1
6,1.83
6.66,0.51
9.34,1.53
4.5,0.93
2.95,0.44
3.8,1.41
6.45,0.44
9.77,1.11
1.32,1
9.49,0.54
2.36,1.48
7.23,1.5
5.75,0.46
5.97,0.86
8.15,1.25
3.58,0.48
7.68,0.72
2.99,1.52
4.78,1.83
0.75,1.15
3.15,1.76
2.76,1.32
5.61,1.54
6.38,1.28
4.55,0.56
2.6,0.87
6.56,0.65
9.19,0.66
7.48,0.92
6.98,1
8.47,1.06
2.5,1.69
6.84,0.39
6.87,2
5.01,0.96
7.95,1.46
4.72,1.01
1.45,1.86
3.07,0.95
2.24,1.48
0.18,0.41
0.42,1.62
4.92,0.98
9.8,0.72
7.96,1.83
7.59,1.36
9.75,0.76
0.18,0.4
5.81,1.62
7.35,1.68
5.97,1.58
2.84,1.59
3.64,0.46
1.92,1.75
8.31,1.36
3.51,0.44
6.47,1.17
6.74,1.76
5.1,1.82
2.82,0.9
7.26,1.69
4.54,1.43
5.38,0.87
2.34,0.44
9.66,0.56
7.05,0.88
9.98,0.98
8.75,0.62
3.96,1.38
8.72,0.51
1.42,0.51
5.43,1.46
5.16,0.92
6.1,1.66
6.39,1.41
2.55,0.77
1.51,1.36
2.26,1.27
7.76,1.13
3.66,1.01
3.17,1.71
0.42,1.43
0.46,0.68
0.85,1.83
0.29,0.81
1.9,1.78
9.74,1.64
1.59,0.77
5.85,1.38
8.46,0.94
9.9,1.71
7.83,0.59
4.94,0.47
4.02,0.76
4.85,1.06
3.69,1.72
7.89,1.18
6.33,0.41
5.07,0.7
4.49,1.56
4.51,1.05
9.74,0.44
5.13,0.5
3.15,0.49
1.82,0.37
0.29,1.45
0.83,0.55
6.15,1.06
1.33,0.71
8.19,0.92
1.36,0.82
2.25,0.73
9.11,0.97
5.41,1.13
8.94,1.28
1.27,1.94
1.91,0.71
1.16,1.48
3.84,0.52
6.79,1.2
5.2,1.54
1.05,1.78
3.46,1.23
9.8,0.32
1.08,1.41
0.2,1
8.04,0.86
4.11,1.58
8.22,0.45
6.31,0.51
5.83,1.59
1.04,1.02
4.68,1.27
8.95,0.76
3.42,0.5
5.27,1.64
8.97,0.74
4.53,1.79
2.22,1.94
0.01,1.04
3.84,1.34
3.07,1.6
1.66,0.73
3.63,0.64
8.6,0.8
3.3,1.48
0.8,1.52
5.88,1.11
5.54,0.62
7.43,1.11
6.89,1.78
0.63,1.99
3.31,0.38
2.92,0.73
0.29,1.43
6.82,0.34
3.19,1.64
8.52,0.99
6.35,1.99
0.33,1.54
4.49,1.18
7.34,0.84
9.39,0.7
5.31,1.48
2.86,0.49
1.39,0.31
3.26,1.22
3.88,1.01
1.38,0.31
4.52,1.8
5.03,0.88
3.26,1.55
3.71,0.55
5.38,1.34
9.89,1.64
7.48,1.36
0.41,1.27
3.43,0.96
9.27,1.81
4.01,0.63
2.14,0.61
5.43,1.77
5.71,1.39
1.2,1.69
2.06,1.15
2.77,1.9
3.9,1.38
4.28,0.56
9.54,0.7
2.31,0.65
4.23,1.98
6.09,1.34
1.74,0.55
5.05,0.78
0.4,1.08
5.98,1.88
7.72,1.91
2.44,1.93
7.82,1.3
5.89,0.95
2.39,1.21
3.57,1.17
6.32,0.84
2.72,1.02
7.72,0.89
6.35,1.06
2.39,0.39
1,0.45
0.64,1.09
9.83,1.91
9.44,0.8
7.25,0.81
8.11,1.64
4.24,1.1
8.32,1.78
8.91,0.83
2.71,1.3
9.45,1.31
4.37,1.8
4.52,1.25
8.27,1.38
1.4,0.37
3.06,0.38
1.49,0.75
2.21,0.32
8.37,1.28
8.54,1.06
8.03,0.86
8.51,0.81
3.77,1.18
2.18,0.65
5.21,1.09
1.55,1.49
6.05,1.59
5.25,0.57
6.65,1.88
7.32,0.61
6.97,1.48
1.74,0.77
9.24,0.33
3.5,1.09
3.85,1.56
4.87,1.84
1.76,1.07
6.48,1.54
8.93,0.43
8.14,0.83
3.07,1.08
1.91,1.64
4.27,1.87
0.19,0.35
2.91,0.88
3.28,0.69
4.04,0.79
9.79,1.27
7.81,1.05
8.89,1.18
7.61,0.86
6.09,1.74
7.13,0.42
7.53,1.8
4.23,1.36
1.59,0.38
5.5,1.37
5.81,1.98
0.24,1.94
7.44,1.38
5.82,0.88
6.96,0.51
1.18,1.79
7.17,1.79
4.12,1.86
5.21,0.32
9.72,1.61
9.87,0.95
3.75,1.5
9.95,1.71
9.91,0.54
7.32,1.77
9.65,0.82
4.62,1.31
0.68,0.86
5.49,1.19
1.8,1.1
7.07,0.79
8.71,1.12
8.76,0.33
8.06,1.18
0.01,0.89
8.36,0.67
6.6,1.73
4.27,1.41
7.7,1.48
4.73,1.96
7.62,1.93
4.16,1.1
3.52,1.97
4.05,1.5
8.34,1.7
4.58,0.48
1.08,1.39
0.26,1.82
7.18,1.96
4.23,0.76
1.36,1.33
3.68,0.91
6.25,1.11
1.64,0.99
9.32,1.47
7.19,1.52
4.34,1.93
3.83,0.85
1.38,0.6
6.66,0.74
8.15,0.77
2.48,1.46
0.34,1.68
1.5,1.76
2.89,1.58
1.71,0.69
8.94,1.48
6.07,0.39
1.7,0.75
6.2,1.33
1.15,0.97
7.58,1.38
0.02,1.3
5.57,0.32
7.35,1.83
7.84,0.7
7.23,0.32
2.87,0.93
4.97,0.4
4.95,0.59
9.05,0.87
4.4,1.34
0.32,1.22
2.13,1.02
1.43,1.57
2.28,0.84
1,0.49
1.86,0.94
1.01,1.31
4.02,1.45
8.35,1.46
1.91,0.56
0.51,0.66
1.73,1.89
8.04,0.38
0.89,0.41
6.22,0.88
0.49,0.95
7.61,1.75
5.27,1.88
6.93,1.78
0.28,1.2
0.21,0.59
7.79,0.39
3.39,0.36
8.8,1.03
1.43,1.35
6.66,0.4
7.06,1.19
4.12,1.5
2.17,1.37
1.91,1.59
3.7,1.4
0.18,1.46
2.01,0.72
3.63,1.28
0.55,0.62
7.15,1.71
4.04,1.72
1.78,0.69
9.18,0.59
4.08,0.74
4.61,1.2
9.5,1
5.96,1.93
6.33,1.93
3.43,0.65
1.87,0.57
8.76,0.62
9.72,0.46
7.7,0.57
0.49,0.45
0.05,0.35
3.97,1.7
2.04,1.23
1.9,1.93
0.13,0.41
6.1,1.98
6.88,0.96
6.2,1.44
5.16,0.7
0.45,1.74
7.37,1.76
1.8,0.61
9.81,1.41
8.96,1.91
5.54,1.34
8.27,0.76
6.73,1.82
3.03,0.55
5.68,1.5
0.56,1.25
0.72,1.81
0.31,1.41
10,1.43
9.76,0.78
9.42,1.03
6.42,0.38
5.87,0.85
1.6,1.64
5.31,1.27
2.82,0.71
6.82,0.51
1.64,1.32
0.55,0.83
5.06,1.93
6.51,1.47
4.51,0.95
2.92,1.53
6.76,1.63
8.3,0.34
7.45,1.24
1.5,1.14
5.11,0.89
2.92,1.68
6.27,1.28
1.56,1.39
3.88,0.33
9.71,1.37
9.29,0.65
9.55,0.64
1.07,1.63
4.37,1.25
3.84,1.05
2.75,1.13
9.37,0.58
5.62,0.77
6.48,0.74
7.44,0.9
2.11,1.18
8.24,1.86
2.67,1.52
0.3,0.47
2.49,0.41
5.75,0.37
7.37,0.41
1.95,1.62
7.61,1.6
4.41,1.41
6.09,0.76
9.25,0.31
1.96,1.85
7.51,1.62
9.19,1.22
9.36,1.83
2.79,1.84
9.04,1.47
7.07,0.35
3.7,1.69
4.45,1.01
8.58,1.16
9.43,0.55
4.21,0.34
6.78,1.47
6.96,1.15
3.19,0.4
5.48,1.99
4.35,1.16
1.93,0.98
6.06,1.84
0.23,1.09
7.62,1.1
3.34,0.72
0.2,1.6
1.28,0.51
4.47,0.83
0.46,0.35
2.75,0.31
2.53,1.88
6.94,0.72
9.95,1.04
0.94,1.9
8.33,0.5
8.85,0.91
4.74,1.05
5.36,0.78
1.48,1.46
9.62,0.99
3.72,0.68
6.04,1.58
6.75,2
5.07,1.26
8.28,0.37
2.26,0.56
9.1,1.55
4.32,1.6
4.07,1.44
0.41,0.97
5.87,1.85
6.47,1.21
5.53,1.91
3.8,1.05
5.19,0.95
1.69,1.58
5.65,1.58
0.63,1.82
7.75,0.92
3.65,0.54
1.69,1.64
6.18,1.2
2.17,1.55
2.7,1.45
1.62,0.77
2.28,1.84
0.44,1.49
4.75,1.03
5.1,1.64
6.1,0.95
9.73,0.95
3.1,0.34
9.53,1.07
2.25,1.5
1.34,1.56
3.92,0.59
9.41,1.39
7.48,1.95
6.06,0.78
0.19,1.73
8.89,1.76
3.66,0.86
0.93,1.77
3.07,0.6
4.2,1.33
5.77,1.11
4.59,1.91
1.51,1.94
7.64,1.92
6.81,1.31
9.39,0.64
0.69,0.87
0.3,1.18
7.15,1.42
9.9,1.4
3.61,0.33
7.71,0.7
5.95,1.23
8.54,0.33
7.25,1.13
7.46,1.32
2.78,1.23
1.39,0.66
0.56,1.07
2.97,1.32
0.82,1.06
7.29,1.3
1.2,0.33
3.87,0.55
8.11,1.35
0.98,1.51
9.94,0.75
8.58,1.69
8.22,1.57
2.61,1.48
5.96,1.77
3.65,0.72
2.46,1.15
4.58,1.4
5.3,1.54
1.76,0.56
2.57,1.87
9.01,1.09
6.25,1.68
2.3,0.6
1.54,1.72
4.54,1.3
8.62,1.28
9.63,0.62
8.97,0.75
4.06,1.19
7.68,0.89
3.14,1.38
5.86,0.5
9.82,1.96
6.47,0.54
1.47,1.42
0.3,1.15
8.58,0.4
5.86,1.05
6.86,0.72
8.79,1.11
6.23,1.89
2.96,0.92
3.43,0.5
5.3,1.6
6.52,0.42
5.68,0.67
5.16,0.74
8.45,0.82
4.48,1.54
9.37,0.31
9.13,1.38
7.73,1.96
2.98,1.21
7.72,1.34
5.65,0.31
0.09,1.97
3.62,0.88
9.66,1.59
6.15,0.58
4.2,0.84
8.49,1.23
3.23,1.94
6.82,0.77
3.11,1.75
8.37,1.34
3.5,1.99
9.36,1.41
2.82,1.95
3.64,0.79
8.38,0.41
4.68,0.77
7.27,1.69
9.16,1.54
8.8,0.75
7.46,1.75
8.35,1.9
3.13,1.06
9.49,1.21
6.56,1.18
5.08,0.32
6.06,1.07
8.33,0.86
6.1,0.6
0.92,1.81
5.8,0.31
0.95,0.95
5.19,1.43
7.45,1.1
0.28,1.37
3.73,1.12
7.61,1.37
8.36,0.66
2.56,1.95
7.06,0.37
1.4,1.55
8.89,0.43
7.35,1.08
6.96,0.98
3.77,1.65
6.03,1.4
7.42,1.44
3.68,1.79
2.05,1.76
5.01,1.54
8.99,1.1
8.45,1.19
2.05,0.5
2.55,0.4
6.15,0.73
0.55,1.05
8.7,1.3
5.73,1.46
3.4,1.78
6.03,1.91
6.09,1.61
1.36,1.84
8.55,1.19
2.69,0.92
5.56,0.73
0.96,1.88
9.97,1.85
8.6,1.83
3.59,1.21
7.7,0.49
3.5,1.46
9.35,1.42
3.02,1.76
5.29,0.43
0.96,0.72
1.35,1.33
1.76,1.43
7.73,0.71
1.16,1.35
2.87,1.53
2.11,0.35
4.53,1.13
0.33,0.99
5.88,0.75
5.23,1.1
6.63,1.81
2,0.3
5.73,2
0.36,1.12
2.79,1.43
6.79,1.01
0.25,0.55
1.79,1.65
4.79,0.69
1.2,1.44
6.3,1.05
0.66,1.3
0.36,0.86
2.12,1.87
6.67,0.47
3.48,0.69
8.82,0.64
1.36,0.92
9.79,0.94
0.13,1.57
4.74,0.49
1.92,0.7
1,1.08
8.74,1.18
9.29,0.38
4.03,1.75
5.44,1.07
0.5,1.54
0.03,0.46
1.5,1.18
5.68,0.38
1.68,1.58
0.93,0.57
6.27,0.31
1.38,0.55
5.94,1.99
1.24,0.9
3.61,1.94
8.01,0.77
6.35,0.82
7.74,1.17
0.64,0.48
7.08,1.46
5.97,1.09
8.94,0.87
1.98,1.06
9.16,1.4
6.02,1.02
8.16,1.27
7.59,1.85
8.64,0.65
2.48,0.31
8.55,0.31
7.32,1.13
1.39,0.77
0.2,1.79
6.22,0.64
9.86,1.42
1.42,0.54
0.99,1.55
2.51,1.42
9.51,1.11
1.37,0.93
5.6,1.87
5.34,1.27
2.15,0.63
2.99,0.49
4.07,1.54
4.16,1.9
6.48,0.3
0.42,0.49
1.73,1.09
4.89,0.47
2.48,0.81
1.1,0.45
1.21,0.42
8.89,1.68
2.21,0.83
8.95,1.17
7.05,1.99
7.52,1.23
5.04,1.17
4.78,0.52
7.76,0.48
6.99,1.06
0.59,0.69
1.16,0.53
0.02,1.34
1.4,0.85
4,0.68
7.39,0.77
1.01,1.18
7.24,0.79
2.22,0.62
8.72,1.78
4.05,0.55
0.43,1.14
9.38,1.32
6.39,0.32
2.6,1.17
4.12,1.84
1.22,1.68
2,0.83
5.69,0.61
7.64,0.6
6.82,0.67
9.77,0.74
3.83,0.85
6.09,1.22
2.7,1.85
6.23,0.78
7.72,0.94
7.37,1.83
6.08,1.12
1.87,1.54
0.79,1.81
5.01,0.7
7.38,0.36
0.62,0.71
8.52,0.39
9.67,1.83
9.2,1.3
8.15,1.2
6.73,0.82
5.18,1.29
5.23,1.93
4.97,1.64
7.08,1.96
6.04,0.36
9.83,0.7
6.97,1.06
8.36,1.56
3.17,1.03
1.71,0.93
4.79,1.77
4.1,1.22
9.17,1.93
0.34,2
4.83,1.5
4.9,0.57
7.88,0.96
2.17,1.02
0.48,1.03
2.04,1.63
6.32,0.89
8.62,1.17
3.53,1.05
4.73,1.17
0.88,1.45
9.28,1.18
0.19,0.4
8.61,0.88
0.1,1.83
6.5,0.42
7.65,0.51
9.38,1.37
2.88,0.43
8.35,0.37
8.81,1.38
6.07,1
4.43,0.96
7.15,0.93
3.52,0.43
1.36,1.72
8.34,0.69
4.73,1.61
7.39,1.68
9.6,1.65
8.41,1.26
7.97,0.97
6.4,0.87
1.32,0.48
8.26,0.67
3.05,1.29
