0.81,1.55
6.84,1.93
3.71,1.08
3.13,1.46
7.28,0.99
7.55,1.03
1.55,1.3
5.84,1.59
2.57,0.52
5.63,1.65
5.5,0.38
2.86,1.66
1.77,1.77
4.22,1.46
8.11,1.08
9.42,1.13
7.04,1.57
1.14,1.66
0.55,0.64
5.28,1.83
0.61,0.36
4.4,0.49
8.97,1.32
9.23,0.5
7.97,0.9
1.54,0.53
3.37,1.78
0.24,1.19
4.62,0.65
2.01,1.36
6.85,1.04
6.59,0.69
9.64,0.31
3.78,0.89
1.18,1.19
0.26,1.95
3.38,0.35
4.9,0.49
2.1,1.81
0.52,1.75
5.71,1.9
0.31,0.77
4.8,1.85
9.74,1
7.62,0.8
5.79,1.35
3.58,1.51
9.8,1.15
2.21,1.48
1.19,0.75
3.19,0.88
2.26,1.22
0.63,0.98
4.41,1.47
0.95,1.78
4.11,1.27
0.33,0.57
1.81,1.12
2.92,0.53
0.29,1.13
5.11,1.51
8.53,1.26
0.43,0.99
7.4,0.59
9.65,1.06
7.24,1.59
6.46,1.01
5.98,1.45
5.03,0.56
8.39,0.4
4.51,0.79
4.69,1.05
8.93,1.73
2.11,1.96
5.09,0.43
2.47,1.66
2.89,1.84
4.63,1.21
0.38,0.63
3.12,1.14
3.14,0.9
8.87,1.05
6.87,0.94
4.67,0.34
9.91,0.81
1.61,1.43
8.1,1.57
6.23,1.87
5.66,1.55
0.08,0.85
2.11,0.54
2.6,0.54
8.57,1.14
0.01,0.61
6.63,1.7
5.02,0.58
8.15,1.55
8.85,1.57
3.53,1.68
4.87,1.89
8.42,0.8
6.73,1.52
4.52,1.57
8.45,2
1.93,0.98
6.18,0.51
5.61,0.61
0.63,0.36
9.39,1.11
1.32,1.47
7.5,1.71
7.65,1.14
7.02,0.95
5.75,0.91
4.34,1.13
2.81,1.64
7.64,0.38
2.19,0.42
2.69,0.48
2.95,1.36
7.18,0.6
5.39,0.54
5.19,0.5
5.06,1.13
5.13,1.68
4.71,0.8
8.86,1.38
6.05,0.5
0.28,0.78
1.36,0.68
2.37,0.71
8.36,0.91
1.73,1.66
4.17,0.37
8.19,1.18
7.56,0.66
5.22,1.26
0.71,1.71
4.25,1.6
8.82,0.5
3.08,0.35
2.71,0.95
0.4,0.58
9.58,1.85
4.65,0.53
3.13,1.96
1.03,1.58
7.63,1.08
8.82,1.8
6.03,0.79
6.02,1.66
1.24,0.68
7.05,0.59
7.6,0.43
8.43,0.74
2.52,1.06
1.45,0.71
8.19,1.97
0.42,0.88
3.21,0.45
5.97,1.26
8.24,0.79
6.11,0.65
4.81,0.57
6.05,0.41
1.46,0.4
1.7,1.59
4.35,1.46
4.45,1.96
6.67,1.72
2.99,1.5
2.09,1.07
8.12,1.34
7.45,1.04
1.76,1.2
4.42,0.82
0.09,1.71
2.59,0.48
4.13,1.84
2.54,0.53
2.93,1.28
1.35,1.04
7.77,1.85
6.15,1.39
6.27,0.64
2.73,1.54
6.9,0.59
9.87,1.04
0.93,1.94
5.31,0.51
9.98,1.45
0.73,1.7
9.32,1.92
0.5,0.3
0.83,1.31
3.88,0.48
4.12,0.44
7.46,1.12
7.68,1.94
7.52,1.21
2.15,0.98
9.31,1.05
8.35,1.46
3.92,0.84
3.33,1.15
6,0.85
9.71,0.94
1.74,1.05
7.79,0.56
0.79,1.3
4.06,1.35
0.6,0.7
4.95,0.31
8.11,0.91
5.7,0.76
5.87,0.39
9.73,1.18
7.49,1.9
2.65,1.91
0.56,1.09
1.33,1.88
0.93,1.82
1.53,1.21
8.96,0.6
2.79,1.42
0.68,1.09
2.75,0.69
9.71,1.76
6.43,0.76
0.4,1.68
1.82,1.7
7.97,1.13
2.13,0.55
1.32,1.62
6.78,0.91
4.32,1.08
0.85,1.08
3.69,1.08
1.8,1.2
8.68,1.1
8.08,1.7
8.02,0.94
8.25,1.21
1.25,1.87
5.71,0.77
7.53,1.3
8.59,0.84
5.02,0.65
6.36,1.75
0.72,1.9
7.29,1.37
0.87,1.44
8.53,0.45
1.22,1.27
0.08,0.41
8.39,0.52
7.04,0.5
2.41,0.78
5.89,0.47
0.06,1.14
4.25,1.96
0.33,0.98
8.44,1.55
7.01,0.87
8.43,1.81
1.15,0.42
4.39,1.79
4.07,1.2
3.82,1.21
2.82,1.86
8.56,0.43
3.19,1.15
7.92,1.98
4.98,1.91
7.54,1.01
0.94,1.39
7.2,0.47
7.68,1.51
8.86,1.09
4.26,0.44
3.89,1.28
6.82,1.95
5.98,1.44
8.41,1.72
1.2,0.7
4.23,1.39
2.02,1.82
5.41,1.27
7.06,0.41
5.99,1.13
6.78,1.19
7.64,0.48
8.32,1.66
7.21,1.91
2.19,0.96
6.5,1.71
4.34,1.88
3.38,0.7
9.13,1.86
6.46,1.16
0.63,1.04
3.38,0.9
5.97,0.96
4.22,1.41
4.83,0.62
1.44,1.61
9.13,0.34
2.49,1.7
0.42,0.89
7.92,0.63
1.18,1.32
6.69,1.69
4.74,1.53
6.33,0.64
8.92,1.69
2.15,1.79
6.72,1.06
5.84,0.8
5.84,1.09
4.83,1.38
7.02,0.58
3.47,1.39
9.75,1.05
6.95,0.99
1.25,1.47
6.72,0.33
1.52,0.59
0.59,0.5
6.9,1.99
3.52,0.45
8.52,0.72
9.77,0.41
0.16,0.4
8.65,1.39
5.06,0.4
9.62,0.87
2.04,0.38
8.87,1.22
8.11,1.99
5.93,1.37
5.13,1.49
6.62,0.41
8.82,1.93
9.59,1.8
6.97,1.36
2.54,1.09
2.79,1.77
1.14,0.38
3.45,1.2
5.76,0.49
2.05,0.7
5.63,1.72
5.75,0.74
5.75,0.73
4.82,1.53
1.44,0.44
4.43,0.35
9.91,1.64
7.64,1.31
6.29,1.41
2.06,1.29
8.42,1.22
6.76,1.36
9.84,0.57
2,1.37
4.47,1.65
2.39,1.05
4.15,1.93
1.15,1.41
7.51,1.57
7.77,0.3
3.98,0.43
1.51,0.93
1.53,1.76
3.61,0.82
3.87,1.69
2.44,1.18
8.11,1.4
3.88,1.81
7.6,1.33
2.21,0.32
9.8,1.05
2.42,0.91
2.5,1.29
3.63,1.15
5.14,0.33
1.35,1.59
8.31,1.32
3.34,1.18
7.08,1.37
9.34,1.83
0.43,0.93
5.16,1.09
0.82,1.91
6.51,0.65
5.78,1.81
9.94,0.97
7.47,0.97
4.14,1.04
8.51,0.36
3.83,0.78
4.6,0.6
1.3,0.37
9.08,0.56
9.06,1.02
2.32,1.61
9.84,1.84
1.3,0.85
0.44,1.66
9.59,1.11
6.68,0.58
0.33,0.93
0.49,1.32
0.77,1.98
8.17,1.13
3.03,1.99
6.02,0.79
6.91,1.46
0.68,1.86
6.37,1.11
6.88,0.69
3.98,1.62
7.1,1.85
9.02,0.8
5.12,0.32
4.4,0.55
2.52,1.74
3.05,0.96
3.11,1.1
3.75,1.53
6.01,0.53
9.48,1.01
0.5,1.79
4.98,0.37
1.13,1.66
1.59,0.65
5.21,0.41
0.07,0.67
6.91,1.92
7.26,0.61
9.17,1.94
0.3,1.59
5.54,0.36
2.01,1.29
5.05,0.84
3.13,1.94
0.12,0.5
0.97,0.44
1.1,0.7
4.27,1.1
1.97,1.83
2.22,1.92
3.45,0.98
8.59,1.61
7.27,0.33
9.71,1.7
9.89,0.54
8.54,1.99
2.79,1.23
3.75,0.34
8.79,0.62
0.27,1.83
5.37,1.39
0.73,0.34
1.83,2
7.12,1.07
2.08,1.81
9.64,1.5
0.06,1.9
8.08,0.31
7.77,1.62
4.69,1.37
1.56,1.94
8.5,1.22
0.77,1.95
3.79,0.41
5.22,0.6
8.94,1.87
6.6,1.53
6.77,1.83
8.78,0.3
8.39,0.97
4.82,1.22
3.05,1.71
1.22,0.52
1.12,1.39
4.72,1.18
1.86,1.95
2.11,1.46
1.04,1.36
6.24,1.3
0.44,0.53
4.95,1.97
5.13,1.67
8.5,0.6
1.94,1.44
3.51,0.54
1.36,1.3
2.59,0.88
3.52,0.33
7.44,0.7
7.41,0.62
0.95,1.64
7.53,0.91
6.01,0.43
1.39,1.24
8.39,0.72
5.82,1.34
5.08,0.53
0.26,0.86
6.09,1.35
7.45,1.65
0.44,0.89
7.88,1.04
2.16,1.67
9.75,0.44
7.57,0.81
4.65,0.68
6.58,1.03
5.27,0.6
6.71,0.64
8.23,1.81
6.76,1.82
7.48,1.24
0.73,1.85
1.35,0.49
9.9,0.57
5.69,1.41
5.43,1.14
4.06,1.95
2.63,1.15
8.41,1.42
4.01,0.58
0.13,1.33
8.13,1.11
9.41,0.84
5.81,0.59
1.19,0.81
4.3,1.82
8.12,1.84
9.94,1.99
3.92,1.71
6.55,1.55
5.7,0.39
4.04,1.25
8.22,0.35
7.99,0.87
6.09,1.26
7.45,0.72
2.57,1.2
2.07,0.39
1.62,1.3
3.16,1.32
2.2,1.62
9.58,1.37
0.89,0.89
7.38,1.69
7.29,1.4
0.85,0.53
6.55,1.33
4.35,1.14
1.32,0.65
1.48,1.3
7.5,1
7.12,1
9.08,1.93
9.44,1.17
9.65,1.67
9.07,0.67
7.27,1.87
2.35,1.35
8.97,1.48
9.19,0.76
0.73,1.4
3.71,1.56
1.87,1.64
4.64,0.64
6.13,0.74
7.49,1.14
2.84,1.3
7.32,1.21
2.98,0.94
9.13,1.29
2.45,0.71
2.59,1.84
0.53,0.46
4.7,0.58
5.26,1.23
2.46,1.31
6.5,0.54
4.98,0.8
0.13,1.47
3.77,1.46
8.72,1.45
6.32,2
8.81,0.48
1.7,0.74
5.44,0.47
1.97,0.31
8.05,1.1
5.18,1.07
9.61,1.7
4.58,0.52
6.66,0.85
2.83,0.54
7.73,0.4
8.26,0.96
4.14,1.3
6.26,1.61
3.46,0.96
8.58,1.99
8.76,1.9
3.99,0.73
9.44,0.43
4.28,1.27
6.45,0.48
4.14,1.74
3.6,1.41
8.41,1.83
6.43,0.42
7.86,1.12
4.99,0.35
6.88,1
5.86,0.62
2.07,1.43
6.43,1.33
8.69,0.8
5.25,0.91
9.79,0.97
4.62,0.93
4.21,1.75
8.09,1.59
1.7,2
0.38,0.63
8.41,0.56
0.89,1.71
3.16,0.34
3.87,1.8
9.66,0.33
7.16,1.25
7.82,0.88
4.11,1.34
7.98,0.36
7.33,1.13
4.6,1.61
8.25,1.63
3.91,1.47
1.18,1.26
6.82,0.92
2.16,1.11
9.74,1.94
7.84,0.46
6.53,0.76
0.08,1.17
8.17,1.25
8.71,1.83
1,1.35
2.83,1.84
7.33,0.54
0.46,1.4
0.87,1.21
0.57,2
6.11,0.6
8.39,1.3
3.59,1.58
2.89,0.9
9.59,1.15
5.86,0.9
3.72,0.8
7.15,1.95
3.47,1.9
4.02,1.43
4.4,1.55
4.7,1.02
3.8,1.78
7.71,0.97
5.68,1.09
6.04,0.68
3.31,0.82
7.52,0.69
5.19,0.88
2.78,1.97
3.81,1.45
2.13,0.38
7.96,1.53
8.25,0.72
3.97,1.23
7.18,1.46
4.32,1.35
9.41,1.71
4.1,1.19
6.46,1.35
8.07,1.83
4.91,1.2
7.93,0.59
4.12,1.37
7.95,0.79
7.34,0.86
3.56,0.77
0.77,0.59
5.07,0.53
3.65,0.86
1.43,1.67
5.26,0.69
8.07,1.36
9.2,1.97
5.5,1.46
7.94,0.95
1.49,1.91
5.85,0.84
8.13,1.3
2.46,0.64
1.41,1.98
1.07,0.78
1.19,1.76
2.41,1.23
5.56,0.44
6.06,0.37
5.82,1.52
2.75,0.47
8.14,0.71
5.37,0.33
9.45,1.79
2.7,1.79
1.29,1.23
6.7,1.31
5.27,1.79
6.97,1.43
7.38,0.36
8.38,1.62
7.32,1.49
2.27,0.68
9.51,1.37
7,0.74
7.86,1.55
1.11,0.91
2.51,1.81
8.74,1.02
4.16,0.42
3.42,0.93
7.75,1.41
7.8,1.25
5.15,1.77
3.22,1.57
1.76,0.77
8.09,1.77
1.84,0.86
8.68,1.35
7.55,0.59
6.81,1.91
8.35,1.64
6.37,1
5.07,1.31
7.43,0.93
7.35,0.45
0.49,1.17
3.8,0.33
1.9,1.92
0.06,0.59
0.38,0.91
4.88,1.59
6.64,1.22
9.01,1.95
9.16,0.94
7.16,1.97
3.94,1.21
9.67,2
8.83,0.81
2.45,1.7
9.81,1.12
6.48,0.38
4.75,1.26
5.78,1.68
5.18,0.85
9.43,1.46
0.97,1.83
4.87,1.91
3.02,0.46
5.9,1.6
1.21,1.55
5.3,0.61
4.86,1.75
1.75,1.61
5.7,1.58
4.4,1.78
5.46,1.23
5.29,1.06
6.11,1.48
1.81,0.93
7.77,1.06
3.64,0.34
0.5,1.03
3.84,0.78
1.86,0.33
0.84,0.64
0.21,1.66
8.27,1.68
8.09,1.82
6.61,1.79
9.45,1.72
6.03,1.96
6.99,0.59
4.86,0.74
5,1.88
9.6,0.51
2.03,1.19
7.23,1.03
0.17,0.41
8.28,1.87
3.33,0.37
6.78,1.51
0.56,1.38
1.64,1.4
8.29,0.75
1.63,1.01
6.79,1.98
1.63,0.73
3.15,0.33
1.55,1.56
9.72,1.64
4.44,0.6
5.61,0.6
0.09,0.92
0.23,0.42
3.59,0.99
0.47,0.59
9.09,1.76
5.21,0.77
0.37,1.86
9.09,0.45
0.74,0.79
1.38,1.73
7.03,1.28
4.14,0.32
8.52,0.59
6.66,1.44
0.62,0.58
5.68,1.81
2.98,0.45
8.88,1.07
5.69,1.21
7.94,0.72
3.71,1.33
0.84,0.68
5.6,1.16
3.26,1.32
7.43,1.09
0.12,0.96
5.81,0.54
8.46,1.83
3.39,1.89
9.99,0.61
8.89,1
8.05,1.92
3.11,0.92
9.8,1.11
7.11,0.32
2.53,0.82
7.71,1.04
0.44,0.84
0.53,1.4
3.28,1.79
2.66,1.97
7.39,1.5
8.69,1.89
4.56,0.75
3.23,1.8
5.79,0.59
3.76,0.94
6.31,1.15
1.41,1.51
4.81,0.91
3.26,0.83
9.54,1.46
4.66,0.94
1.05,1.64
1.38,0.31
4.55,0.3
0.64,0.94
6.87,0.49
8.77,1.85
5.71,1.03
4.86,0.34
8.62,1.92
2.87,0.44
3.33,1.98
0.44,0.54
1.5,0.6
5.45,1.32
8.97,1.5
2.68,0.86
9.85,1.64
7.99,1.78
6.61,0.34
2.48,0.89
9.09,1.46
4.35,1.39
5.58,1.8
3.3,1.23
8.74,0.45
0.28,1.11
2.22,0.46
3.38,1.78
3,1.75
0.34,1.28
8.98,1.1
5.36,0.56
2.72,1.05
8.8,0.88
3.34,1.05
2.74,0.39
4.45,0.59
7.95,0.62
5.16,0.65
1.71,0.76
2.44,1.18
5.47,0.78
4.83,1.77
5.85,0.61
7.16,0.5
2.16,0.88
1.12,0.6
8.83,0.56
4.14,1.75
8.87,0.82
7.99,0.46
1.59,0.3
6.98,1.59
0.08,1.09
6.57,0.57
5.15,1.78
2.14,1.89
1.84,1.67
2.19,0.51
0.26,0.31
1.41,1.4
6.58,1.03
6.56,1.67
1.29,1.49
8.47,0.3
6.96,1.39
3.54,0.31
6.75,1.71
3.99,0.95
3.53,1.88
4.87,1.63
1.85,1.29
3.3,0.79
8.05,1.19
9.12,1.7
2.94,1.79
6.07,0.66
5.08,0.98
0.97,1.2
2.81,1.14
2.69,1.25
9.19,1.32
1.38,0.99
1.12,1.85
5.36,1.16
9.61,1.35
0.48,1.68
2.99,1.18
0.67,1.02
3.14,1.85
2.39,1.84
5.49,0.56
4.27,1.62
9.96,0.63
3.5,0.87
9.73,1.93
6.52,1.82
1.67,1.82
7.83,0.66
9.92,1.43
7.29,1.7
8.95,1.62
8.5,0.53
6.19,0.5
8.05,1.24
9.81,1.59
1.65,0.35
8.25,1.71
3.57,1.59
1.72,0.74
1.8,0.56
2.42,0.82
7.57,1.52
3.04,0.8
7.2,1.75
0.56,1.73
0.38,0.39
1.45,1.6
6.71,1.76
5.55,1.02
4.79,1.76
2.58,1.39
3.61,1.78
2.57,1.77
6.27,1.17
7.36,1.44
5.26,0.97
0.19,1.52
8.96,0.36
9.68,2
1.03,1.98
2.91,0.36
0.58,1.42
8.27,0.85
5.01,1.38
4.8,0.71
3.1,0.63
8.12,1.37
9.54,1.33
6.08,0.95
8.1,0.98
1.48,0.38
9.51,1.73
4.45,1.61
2.51,1.13
2.69,0.66
9.84,1.41
7.71,0.76
2.7,0.75
4.01,1.91
9.02,0.31
2.46,1.61
4.72,1.85
3.96,0.33
2.2,0.68
5.33,1.85
0.98,1.73
7.42,0.75
0.14,0.45
6.59,1.87
4.71,1.36
2.38,1.61
9.81,1.48
9.59,1.2
2.45,1.52
1.97,1.12
4.93,1.87
2.09,1.34
2.05,0.34
4.28,0.72
6.03,1.83
2,0.75
7.02,1.09
2.82,1.25
8.65,0.46
3.49,1.57
9.01,0.76
5.48,0.51
2.11,0.49
3.84,1.97
7.51,1.34
8.42,0.52
2.87,1.22
0.82,1.88
7.3,1.83
2.16,1.01
4.33,0.6
0.45,0.71
3.27,1.18
6.08,0.77
7.18,1.11
4.72,0.5
4.83,0.49
4.47,1.34
2.83,0.75
3.56,1.18
8.22,0.43
2.99,1.7
8.44,1.15
0.06,1.45
8.58,0.47
9.33,0.53
0.35,1.53
6.47,0.31
1.65,0.98
9.02,1.17
0.65,0.72
0.38,0.49
6.31,1.63
6.02,0.65
9.63,1.54
2.81,0.76
4.84,0.39
5.19,0.52
3.74,0.51
7.17,0.97
6.41,1.76
9.15,1.95
2.73,1.92
3.83,0.62
2.87,1.59
0.72,0.6
2.05,1.02
6.68,1.09
1.3,1.76
7.29,0.34
5.58,1.36
4.08,1.53
9.48,1.21
9.99,0.31
0.97,1.12
6.52,1.93
6.39,0.63
6.94,1.6
4.69,1.93
8.87,1.52
1.08,1.94
1.03,0.97
9.87,1.81
6.49,1.26
2.48,0.47
7.4,1.71
1.99,1.19
6.88,0.66
8.04,1.13
0.63,0.57
4.11,1.2
6.99,0.48
1.77,1.51
7.01,0.76
2.98,1.85
1.69,0.78
9.33,1.54
2.9,1.6
5.76,0.47
0.61,0.52
6.57,1.23
5.38,0.62
5.13,1.02
9.67,0.47
5.41,0.59
7.67,0.49
8.06,0.56
2.37,0.5
1.19,1.98
5.68,1.44
8.83,1.68
0.14,0.69
5.6,1.17
5.91,1.69
6.76,1.54
1.4,1.41
9.04,0.54
7.52,1.82
0.6,1.86
7.07,1.12
4.73,1.15
8.26,0.91
1.47,1.87
0.01,1.9
3.74,1.27
2.72,1.44
0.9,0.38
3.9,1.19
6.38,1.08
0.78,1.3
2.6,1.44
1.05,1.3
5,0.82
6.47,0.96
4.48,1.9
3.83,1.28
3.31,0.62
1.23,0.99
7.07,1.5
7.74,1.89
3.04,0.84
2.47,1.18
3.28,1.06
4.22,1.92
7.5,1.12
3.82,1.05
7.22,1.71
9.19,1.2
8.78,1.46
0.95,0.78
1.89,0.91
1.25,1.93
8.81,1.88
1.71,1.21
4.68,0.31
9.47,1.4
5.67,1.29
7.46,1.74
6.36,0.64
3.14,0.73
1.19,1.37
7.89,1.2
6.75,1.32
5.35,1.65
8.71,0.89
7.06,1.54
7.89,1.12
7.5,0.76
3.44,1.09
7.71,1.41
5.6,0.77
9.94,0.43
5.71,0.79
5.97,1.19
6.58,0.45
8.44,1.86
4.36,0.38
3.76,1.9
9.83,0.87
0.41,1.67
9.25,1.23
7.58,0.6
1.16,1.96
8.72,1.71
3.5,1.01
0.7,1.79
3.81,0.37
2.05,1.99
9.28,1.42
1,0.91
9.5,1.82
4.08,1.48
1.41,1.65
2.31,1.87
6.18,1.27
4.45,1.45
9.28,1.24
0.58,1.82
9.38,0.45
5.75,2
5.96,0.48
8.26,0.68
9.59,1.37
7.54,1.42
9.31,1.33
8.25,0.37
7.26,1.96
9.7,0.69
7.85,0.62
4.95,0.41
2.3,0.45
8.58,0.87
6.42,0.45
7.56,1.88
0.81,1.82
9.19,1.86
9.77,1.77
2.18,1.87
4.51,0.67
4.85,1.86
6.75,1.61
5.69,1.93
0.31,1.52
8.46,1.46
2.07,0.57
7.26,0.46
3.51,1.33
6.46,0.53
1.19,1.24
9.77,1.88
3.99,0.78
0.95,1.76
7.32,0.79
7.69,0.47
2.38,0.3
6.86,0.82
3.6,1.54
2.58,1.01
1.32,1.32
1.48,1.64
5.36,0.68
7.46,1.18
9.13,0.51
5.43,1.94
2.82,1.71
3.5,0.58
0.99,0.42
2,1.09
1.1,1.6
3.2,1.85
8.89,1.16
3.9,1.88
0.72,1.77
5.64,1.55
9.62,1.67
2.18,1.54
0.28,0.33
7.83,0.9
9.11,0.68
8.14,1.51
6.45,0.85
0.8,0.41
3.79,1.41
5.17,1.69
7.92,0.96
8.85,1.59
3.94,1.01
1.42,0.46
9.67,0.34
4.2,2
1.79,0.53
1.17,1.82
1.44,1.84
5.5,1.48
7.05,1.91
6.6,2
4.42,0.54
1.3,0.45
5.91,1.88
7.4,1.05
9.18,1.83
6.93,0.7
0.12,0.82
4.93,1.13
3.61,1.55
5.02,0.68
8.09,0.54
4.99,1.7
3.15,1.24
3.49,1.27
5.52,1.71
0,1.54
5.86,1.88
4.45,1.51
1.09,0.41
5.29,0.88
6.32,0.32
7.25,1.55
6.93,1.83
9.51,0.9
5.11,1.06
6.35,1.82
8.08,0.35
2.18,1.43
3.29,1.04
2.66,1.51
1.71,1.59
3.4,1.87
7.76,0.82
2.36,0.97
9.11,0.59
6.03,0.92
3.07,0.54
1.54,1.78
8.63,0.91
4.66,0.69
2.28,1.58
9.06,0.75
3.9,1.24
2.83,1.32
5.47,0.43
8.72,0.46
3.57,1.32
6.89,1.69
9.18,1.07
1.6,0.83
8,0.76
5.94,1.96
4.22,1.48
2.07,1.38
1.12,1.23
2.65,1.17
8.01,0.76
0.78,1.62
1.57,0.33
5.73,0.68
7.49,1.23
2.52,1.84
8.95,1.62
7.26,0.61
8.54,1.42
8.22,1.56
0.49,1.32
4.17,1.58
6.17,0.3
0.82,0.78
3.06,1.89
7.81,1.38
7.17,0.4
7.35,0.47
3.15,1.37
0.08,1.39
9.27,1.09
9.85,0.67
4.58,0.81
0.49,1.96
7.52,1.45
7.91,0.96
6.43,0.4
1.41,0.49
1.62,1.12
3.63,1.39
0.27,0.42
8.58,1.07
0.33,0.61
0.95,0.45
0.24,0.94
7.31,0.67
1.85,1.95
7.4,0.91
5.19,1.24
5.2,1.12
0.46,1.01
6.52,1.11
9.64,1.58
0.02,0.3
7.02,1.29
0.59,0.41
0.67,0.95
0.62,1.59
2.74,1.58
0,1.23
4.53,1.25
2.59,0.97
9.06,0.89
8.76,0.69
1.03,1.35
3.91,1.7
6.99,0.37
5.72,1.28
2.59,1.99
6.31,1.65
1.77,0.34
0.25,1.25
9.52,0.35
7.22,0.31
4.35,1.49
6.48,0.55
0.46,0.79
1.29,1.05
0.69,0.61
1.98,0.99
6.21,0.64
2.17,1.61
8.03,1.54
3.87,1.19
3.39,0.77
8.01,1.85
7.11,1.79
6.58,1.65
7.7,1.26
2.1,0.51
8.8,0.52
4.2,1.79
3.39,0.84
9.86,1.41
4.3,0.31
5.76,1.93
1.75,1.63
9.26,1.54
5.31,0.86
8.02,1.32
3.89,0.71
3.79,1.49
3.91,1.38
9.05,0.67
1.89,1.51
6.02,1.52
9.81,0.91
1.8,0.51
8.3,1.25
8.2,1.18
4.32,1.89
2.45,0.96
3.42,1.38
7.85,1.76
8.35,1.45
3.23,0.94
5.75,0.98
3.52,0.65
4.62,1.21
2.97,1.38
1.41,0.55
1.18,1.44
2.7,0.9
3.57,1.37
2.85,0.45
3.65,1.45
2.59,1.86
8.1,1.11
6.33,1.21
8.84,1.81
9.24,1.88
7.42,1.29
6.07,1.95
5.03,0.47
0.9,0.8
6.76,0.99
3.19,1.35
3,0.67
2.42,1.94
4.54,0.67
1.83,1.1
4.52,1.88
2.65,1.39
2.42,0.76
6.63,1.83
9.42,1.07
0.86,1.51
1.39,1.43
4.88,1.97
8.14,0.53
4.47,1.91
2.42,1.99
7.84,1.32
0.84,0.32
1.72,1.23
9.12,1.07
7.28,0.4
3.72,1.6
4.63,0.77
5.98,0.45
6.96,1.16
6.54,0.38
4.19,1.07
7.3,1.95
9.66,0.43
5.88,0.8
9.74,1.18
7.71,0.84
2.5,0.99
4.51,0.45
4.86,0.56
2.71,1.28
5.64,1.88
9.77,0.92
3.16,0.78
5.71,0.64
9.08,1.2
4.77,0.76
1.21,0.54
0.08,1.27
6.05,1.91
0.21,0.61
0.69,1.83
3.65,1.81
8.6,0.65
9.06,1.31
5.4,0.77
8.23,1.89
6.31,0.81
1.25,0.8
8.81,0.44
3.12,1.34
0.29,0.96
9.52,0.58
4.44,1.34
3.17,2
7.86,1.17
6.15,1.66
5.49,1.1
5.54,1.47
1.45,1.72
4.55,1.08
7.91,1.37
2.52,1.64
3.93,1.34
8,1.03
4.32,1.2
1.07,1.82
0.26,0.47
1.33,0.86
8.96,0.67
9.54,0.63
1.29,0.7
1.39,0.93
9.17,0.52
2.61,1.49
9.58,1.37
4.78,0.33
3.29,1.55
2.94,0.51
9.3,1.45
5.92,1.64
6.81,1.8
2.82,1.52
9.83,0.69
4.31,0.45
3.74,1.68
3.96,0.96
0.59,1.03
1.35,1.52
6.32,0.88
1.12,1.52
6.84,0.86
5.91,0.49
1.36,1.5
9.28,0.34
7.7,1.31
9.85,0.84
9.01,0.39
4.54,1.58
0.31,1.53
4.12,0.57
1.01,0.34
4.9,0.47
5,1.81
7.37,1.04
8.58,1.96
1.86,0.89
7.06,0.68
4.4,0.72
8.28,0.77
2.22,0.84
8.75,0.67
1.7,1.17
3.53,0.94
0.26,0.59
3.64,1.62
6.71,0.34
4.28,0.42
7.53,0.78
9.6,1.53
5.26,1.48
2.07,1.5
1.73,1.79
2.67,0.92
1.95,1.95
2.49,0.86
4.2,1.75
3.46,2
8.45,1.71
2.22,1.26
9.26,1.74
5.58,0.41
6.19,1.46
4.6,1.06
5.14,0.3
9.62,0.77
5.36,0.92
8.86,0.33
5.18,1.45
5.84,1.44
3.18,1.52
0.56,0.78
2.69,1.2
6.98,1.06
3,1.62
7.56,0.97
5.25,1.8
3.42,1.16
4.47,1.94
6.38,1.01
5.99,1.07
9.41,1.54
2.41,1.11
2.68,1.69
5.3,0.37
8.06,1.7
8.46,1.2
0.88,1.39
1.1,0.93
4.75,1.24
2.73,1.93
2.08,1.91
8.95,0.48
5.36,0.36
9.35,0.5
5.35,0.88
2.19,0.64
0.8,0.66
6.03,1.89
6.29,1.26
4.71,1.45
1.11,0.38
7.87,0.87
7.24,1.97
4.98,1.47
3.95,1.89
2.59,0.95
2.38,0.53
1.39,1.34
6.72,1.71
7.81,0.96
6.77,1.17
5.72,0.35
0.15,0.62
3.91,1.37
6.61,1.36
0.74,0.84
0.94,0.75
6.11,1.89
7.69,1.88
1.6,1.6
4.79,0.91
9.78,1.19
4.82,0.85
8.83,1.97
6.39,1.04
4.92,1.78
0.56,1.56
3.7,0.91
2.31,1.2
4.16,1.81
7.42,0.95
1.87,0.32
2.05,0.58
7.15,0.82
5.79,0.63
7.6,0.32
3.17,1.7
8.28,0.51
0.45,0.43
4.83,0.95
9.99,1.8
3.78,0.98
1.21,1.7
9.5,1.95
4.39,1.3
5.01,1.64
5.82,0.65
2.03,1.53
5.48,0.83
0.68,0.67
8.68,1.62
2.59,0.5
6.78,1.47
0.1,1
1.02,0.5
0.59,1.39
3.51,0.91
9.61,0.46
0.93,1.95
7.25,1.82
6.88,1.18
1.14,0.53
6.68,0.95
6.31,1.98
9.16,1.25
8.3,2
5.25,1.6
6.67,1.38
6.25,0.78
1.53,0.48
0.05,1.89
6.1,0.89
9.63,0.8
5.95,1.71
6.88,1.63
1.87,1.1
3.27,1.64
4.29,0.52
7.27,2
2.53,1.08
6.23,0.91
9.87,0.5
3.11,1.98
8.2,0.99
2.5,1.02
6.03,0.4
0.24,1.72
3.31,0.39
2.72,0.31
8.39,1.75
2.41,1.17
8.37,1.57
1.09,0.51
2.22,1.52
0.65,1.01
2.14,0.94
6.36,0.45
7.14,1.79
7.85,1.6
7.37,1.44
7.77,1.46
8.18,0.36
1.65,1.3
3.26,1.59
7.26,0.85
1.21,0.55
7.01,0.41
1.01,1.15
0,1.98
5.94,1.07
6.61,0.91
8.64,1.78
0.39,0.86
7.99,1.59
8.8,1.21
9.1,0.62
3.87,0.75
4.47,1.22
4.63,1.85
3.9,0.37
7.19,0.5
5.54,0.86
7.64,1.62
2.94,0.65
4.99,1.35
4.68,0.44
7.27,0.74
3.64,0.65
2.72,1.79
2.69,1.41
0.96,0.97
4.49,1.28
0.79,0.67
3.99,0.78
8.54,0.67
2.6,1.15
5.26,0.34
7.56,0.98
9.56,1.39
9.71,1.89
9.61,0.93
5.11,1.61
8.6,1.72
9.43,0.63
3.66,1.7
6.34,1.35
4.94,0.82
5.85,0.69
4.89,1.11
4.93,1.27
7.18,0.6
4.19,0.92
8.72,1.4
0.73,1.43
6.31,0.5
2.7,0.49
5.2,1.61
7.41,0.85
1.51,0.56
2.55,0.7
7.13,0.77
9.34,1.93
5.89,0.8
4.04,0.37
9.41,1.7
5.25,0.85
3.48,2
9.76,1.26
3.16,1.66
5.39,0.34
7.18,1.17
7.8,1.66
7.94,0.32
6.26,1.67
2.11,0.76
5.91,1.35
5.16,0.93
7.51,1.69
7.29,1.32
0.42,1.11
8.32,1.2
8.32,1.87
6.5,1.65
4.94,0.4
0.59,1.98
4.21,0.66
5.35,1.96
1.47,1.74
8,1.85
0.97,0.77
1.57,1.58
6.57,1.92
9.4,0.37
6.13,0.86
6.26,1.17
6.5,1.58
3.94,1.53
7.88,1.89
5.03,0.55
8.23,0.49
2.26,1.68
9.98,1.09
7.67,0.39
5.51,1.04
2.55,0.44
5.02,1.45
8.23,0.54
9.44,1.27
2.76,1.36
8.8,1.24
4.63,1.64
1.89,0.85
6.19,1.7
5.11,1.51
6.32,1.81
0.99,1.57
9.05,1.28
5.44,1.32
0.77,0.65
4.23,0.69
8.09,1.63
1.67,1.26
9.6,0.86
3.41,0.87
0.93,1.32
7.3,0.78
8.65,1.96
1.93,0.47
2.28,1.1
1.17,1.29
7.8,0.53
2.97,0.36
0.49,1.89
6.61,0.42
2.86,1.35
3.32,1.49
6.31,1.97
5.9,0.71
5.36,0.65
7.23,0.95
2.35,0.65
0.04,2
4.79,1.47
4.35,1.17
5.46,1.18
6.51,1.37
9.15,1.44
9.44,1.84
0.62,1.59
8.38,1.74
8.52,1.86
9.86,1.29
6.28,1.85
2.47,1.79
1.07,0.45
0.16,0.43
3.33,0.39
4.23,1.75
9.62,1.11
1.92,1.1
7.65,1.1
6,1.34
0.99,1.72
2.85,1.85
3.78,1.38
8.28,0.75
4.06,0.92
3.74,1.86
0.47,0.67
9.39,0.92
1.5,1.06
6.43,1.34
9.12,1.52
3.98,1.68
2.34,1.89
1.63,0.43
4.05,1.44
3.63,0.99
9.38,0.38
2.31,1.75
1.09,0.73
4.17,0.51
4.66,1.3
5.22,1.5
1.06,1.32
0.05,1.73
7.93,1.16
6.84,1.47
0.08,0.97
0.88,0.33
5.28,0.65
9.79,0.52
3.78,0.35
8.12,0.4
3.3,1.02
7.96,1.92
0.18,0.57
2.93,1.64
7.41,1.78
2.71,0.65
4.35,0.83
3.3,1.52
8.77,1.31
4.17,0.41
8.98,1.66
6.7,2
1.02,1.38
3.04,1.54
0.92,1.46
2.89,0.74
7.81,1.91
2.23,1.79
6.24,1.74
8.32,0.59
0.76,1.75
1.1,1.41
6.79,0.38
3.79,1.46
3.95,0.94
4.94,0.75
9.25,1.28
9.4,0.83
9.89,1.04
8.94,1.85
6.42,0.93
2.97,0.61
9.03,1.71
6.11,1.84
9.99,0.5
7.62,0.49
1.04,0.61
6.58,1.24
9.14,1.47
8.51,1.94
1.42,1.11
8.18,1.4
3.45,0.68
1.1,1.93
9.75,1.14
6.95,1.79
4.24,0.31
0.59,1.09
2.44,0.71
7.74,0.98
0.63,1.39
9.86,0.73
0.11,1.66
2.79,1.58
3.99,1.03
5.59,1.01
5.95,0.43
7.54,0.59
0.29,0.93
5.82,0.57
3.36,0.41
0.7,1.67
9.87,0.49
3.73,0.61
5.59,1.21
7.09,0.33
1.92,1.81
5.32,1.26
3.85,1.2
3.11,0.95
5.2,1.84
9.49,1.23
1.4,1.53
7.46,1.45
7.55,0.69
8.13,0.31
1.93,1.19
2.53,1.02
1.84,0.37
3.14,0.64
2.1,0.67
5.95,1.27
1.06,0.44
3.04,0.66
9.99,1.89
9.39,1.28
2.11,1.39
8.1,0.62
4,0.83
0.12,1.91
1.33,1.12
5.02,1.44
1.1,0.52
3.45,0.73
3.58,1.8
2.46,1.21
5.51,1.34
4.95,1.61
3.16,0.86
2.54,1.42
1.2,1.97
3.91,1.44
0.58,1.66
1.1,0.54
2.81,0.46
8.18,1.12
3.61,1.3
6.99,1.51
5.61,0.96
1.12,1.96
8.6,0.39
7.49,1.39
3.61,1.8
9,0.9
0.31,1.57
7.88,1.08
8.73,1.06
7.83,1.38
3.34,1.83
2.57,0.57
7.79,0.65
7.03,1.31
7.99,0.4
5.98,1.19
1.93,1.44
1.93,1.26
7.51,1.94
4.52,0.34
2.46,1.87
4.5,0.6
2.35,1.66
6.7,1
1.49,1.29
6.52,1.61
0.54,0.34
9.72,0.57
6.2,1.26
8.26,0.4
0.97,1.43
1.91,1.25
1.93,0.86
2.59,0.38
8.07,0.95
3.54,1.37
6.91,1.08
8.04,0.99
8.53,1.11
2.83,1.35
3.62,1.32
5.73,0.65
9.62,1
9.88,0.6
7.66,1.04
2.12,0.75
0.39,0.39
9.73,1.1
8.78,0.41
3.33,0.92
3.53,0.72
4.41,0.39
7.09,1.45
2.3,1.97
6.38,1.87
8.94,1.67
8.16,1.29
3.8,1.32
4.4,1.99
9,1.39
6.14,0.66
8.33,0.74
9.29,1.13
9.55,0.55
1.13,0.52
0.48,1.35
5.8,1.06
4.96,1.84
0.84,0.63
3.23,1.37
3.44,1.48
6.76,0.95
4.27,1.37
9.26,0.34
6.41,1.55
3.53,0.54
5.35,1.06
1.27,1.22
3.75,1.93
0.54,1.93
6.74,0.43
2.77,1.45
1.18,1.99
9.75,0.58
3.34,1.32
3.58,1.34
8.46,1.99
2.66,0.85
3.16,1.82
6.18,1.2
1.39,1.28
2.86,0.43
4.05,1.12
1.57,1.57
1.23,0.85
0.82,1.26
3.17,0.93
7.76,1.85
7.67,1.41
9.7,1.08
8.2,1.45
0.21,1.99
6.37,0.92
1.54,1.68
6.18,1.95
7.44,1.52
9.46,1.54
2.23,1.24
1.85,0.75
1.48,1.56
7.74,1.16
8.31,1.83
6.2,1.69
5.7,1.22
6.53,0.73
7.71,0.6
5.98,1.42
4.6,0.57
3.5,0.61
3.34,0.37
3.88,1.56
7.91,1.01
4.59,1.81
5.82,1.3
1.27,1.99
7.27,0.66
3.4,1.87
5.68,0.95
6.58,0.5
1.58,0.56
1.62,1.17
7.57,1.12
5.02,0.94
3.18,1
0.78,0.77
5.6,1.23
3.86,0.4
1.83,0.45
9.01,1.3
4.8,1.83
7.15,0.35
2.2,1.73
2.41,1.33
3.71,0.88
0.39,1.36
4.71,2
1.88,0.95
4.62,1.76
7.28,1.49
7.13,0.51
3.83,1.91
2.91,1.12
3.44,1.63
5.79,1.84
5.92,1.16
3.69,0.53
3.19,1.66
8.37,1.01
1.52,0.75
3.59,1.75
9.45,1.7
8.25,1.43
3.04,0.53
0.39,1.52
9.33,0.34
8.75,1.64
3.91,0.74
6.6,0.64
3.31,1.35
4.67,0.32
8.5,1.33
1.18,0.62
9.18,1.53
8.14,0.3
3.12,0.35
8.53,0.95
2.5,1.87
4.6,1.24
5.44,1.5
5.55,1.41
5.61,1.4
8.19,1.72
3.83,1.22
7,0.58
3.93,1.53
2.45,1.54
6.55,1.07
0.01,1.79
1.49,1.47
9.21,1
8.13,0.31
2.18,0.59
3.67,1.24
1.13,0.35
1.3,1.9
3.05,0.43
9.91,0.61
1.27,0.86
9.82,1.06
5.18,1.23
0.55,0.83
2.92,1.65
3.93,1.41
1.61,1.35
6.43,0.83
7.76,0.53
5.39,1.12
1.44,1.93
8.71,1.48
2.2,0.31
5.35,0.75
6.61,1.33
3.22,1.74
8.28,1.85
4.81,0.86
2.7,0.34
1.12,0.9
9.28,1.31
6.08,1.92
6.92,0.71
2.4,1.33
5.77,1.93
2.57,0.41
8.07,1.38
2.29,0.94
4.16,1.67
1.46,1.69
4.44,1.83
5.99,1.75
0.01,1.89
8.92,0.65
6.73,0.82
1.65,1.92
2.42,1.33
4.33,1.19
9.43,1.59
6.19,0.52
2.9,1.48
5.3,0.98
1.99,0.52
4.83,0.37
3.58,1.41
4,1.01
0.33,1.36
2.66,1.84
2.55,1.45
1.07,1.14
2.74,1.42
8.77,0.65
4.35,0.69
5.72,1.73
4.6,1.15
4.57,0.51
2.45,1.2
5.04,0.95
0.5,1.09
2.49,1.24
4.63,1.83
2.41,1.58
2.37,1.12
5.37,0.58
2.88,0.77
8.73,1.79
0.55,1.67
2.84,0.52
0.6,1.21
0.06,1.31
2.35,0.37
8.88,0.58
0.72,0.61
6.75,0.49
7.58,1.84
8.38,0.79
5.2,0.39
4.14,1.52
5.91,1.23
8.38,0.68
3.95,1.22
2.06,1.82
9.88,0.36
3.19,1.65
3.82,0.79
0.53,0.93
7.85,1.11
5.05,1.84
2.99,0.43
2.06,0.71
9.7,0.68
4.72,1.53
1.87,1.85
5.62,0.71
6.27,0.86
4.92,0.68
1.89,1.95
4.05,1.07
7.42,1.11
2.13,1.5
3.63,1.8
5.99,0.91
1.22,1.45
6.8,0.56
8.48,0.59
4.38,0.76
1.5,0.93
6.25,0.68
5.31,1.29
5.38,1.27
2.2,0.5
8.5,0.6
5.19,1.15
3.8,1.13
1.14,1.45
7.81,0.84
9.75,1.92
4.76,1.63
3.98,1.14
2.86,1.79
9.84,0.41
5.39,0.93
5.69,0.99
6.35,1.52
5.81,1.16
5.69,1.91
1.3,0.35
6.55,0.49
0.54,1.66
5.55,0.41
2.2,1.2
1.12,0.86
0.54,1.75
5.31,1.24
8.65,1.34
9.81,0.31
4.22,1.61
3.05,1.68
9.87,0.93
1.5,1.02
4.37,1.36
7.41,0.4
3.47,1.12
9.03,0.43
7.91,0.3
1.31,0.47
5.15,1.16
8.96,1.12
3.47,0.74
5.08,0.53
9.96,1.13
2.88,1.57
5.58,0.39
3.38,1.57
0.13,1.49
2.38,1.75
2.04,1.15
9.87,1.64
9.65,1.65
6.22,1.07
6.62,1.32
7.19,1.24
5.56,0.92
1.52,0.67
4.36,1.59
4.54,0.55
7.74,1.98
8.51,1.38
2.78,1.68
9.78,1.71
5.42,1.34
0.28,0.39
8.99,1.12
3.19,1.98
2.87,0.68
9.98,0.87
9.47,1.73
9.45,0.56
8.92,1.58
7.56,1.59
1.88,0.68
8.9,0.76
1.1,1.98
9.96,1.14
3.7,1.05
7.32,0.71
0.13,0.56
1.89,1.53
1.95,1.63
3.94,1.5
8.91,1.43
9.66,0.91
2.31,0.43
9.5,0.58
2.66,1.85
6.16,0.63
3.5,1.7
7.13,1.51
1.87,1.7
2,1.18
1.73,1.07
8.49,0.3
3.22,0.5
0.65,0.35
1.46,1.49
7.61,1.79
6.32,1.78
1.75,1.86
2.84,0.35
5.76,1.29
2.76,0.68
5.16,1
4.23,1.03
9.19,1.01
3.37,0.41
0.32,0.98
2.47,0.97
0.5,0.32
4.45,1.21
0.67,1.94
0.29,0.64
4.49,1.38
1.71,1.3
1.37,1.25
2.75,1.58
6.62,0.6
3.87,0.56
9.06,0.89
2.64,0.63
0.48,1.82
0.92,1.15
3.7,0.91
0.56,0.66
4.9,1.6
0.81,0.39
4.39,0.52
