6.11,0.32
7.59,0.36
9.3,1.47
3.15,1.14
7.99,0.77
9.13,0.5
2.6,1.16
4.59,1.87
4.98,1.2
5.36,1.26
5.31,1.72
8.02,1.87
5,1.35
5.27,0.47
6.82,0.36
6.95,0.64
3.82,1.45
5.25,1.32
9.56,0.94
8.31,0.47
6.28,1.39
9.25,0.5
4.99,1.85
3.29,0.98
4.91,1.5
1.45,1.38
8.8,1.57
7.67,0.99
8.89,1.23
3.05,0.31
0.47,1.24
4.15,0.67
7.03,1.58
6.37,0.83
5.28,0.76
6.24,1.05
7.72,1.92
1.82,1.75
6.43,1.53
8.52,1.7
9.89,1.16
0.84,0.61
5.99,1.91
6.65,1.23
1.07,0.87
3.2,0.58
5.39,1.41
7.67,0.61
2.19,1.96
4.95,1.5
0.79,1.28
1.51,0.62
2.11,1.91
7.25,1.22
0.44,1.3
2.63,0.59
7.16,0.44
6.07,0.62
1.71,1.63
2.69,0.6
0.98,1.94
8.81,2
7.91,1.81
2.77,1.12
7.99,0.93
2.01,0.7
2.1,1.17
0.81,1.56
7.37,0.32
1.34,1.66
0.73,1.28
0.06,0.3
5.64,1.72
9.51,0.32
3.62,1.53
0.18,0.49
2.87,0.88
7.39,0.77
7.75,1.08
5.01,1.45
7.88,1
9.37,0.47
10,0.56
5.08,0.45
9.52,1.88
0.3,0.39
7.68,1.26
1.79,1.65
7.23,0.91
2.25,1.27
8.1,0.38
2.67,1
4.71,1.86
6.3,0.62
0.57,1.92
5.66,1.71
8.18,0.57
9.04,0.38
3.51,0.64
3.44,0.99
0.99,1.8
4.43,1.98
3.28,1.5
3.53,1.43
8.42,1.53
8.78,1.51
6.93,1.03
6.35,1.22
5.36,0.39
3.96,0.66
0.13,1.64
9.9,0.34
6.41,0.97
9.9,1.42
0.12,1.74
3.89,1.3
1.89,1.36
0.86,0.88
4.46,1.45
0.31,0.91
2.82,1.24
1.99,1.3
0.35,0.73
8.06,1.14
6.6,0.83
0.43,0.48
8.62,1.9
6.37,0.56
3.41,1.63
8.97,1.18
0.84,1.48
2.4,0.32
9.52,0.81
4.51,1.53
9.72,1.94
0.52,1.93
1.34,1.61
5.1,1.71
8.06,0.9
4.34,0.58
0.75,1.71
4.39,1.05
5.16,0.37
2.83,0.89
8.34,0.74
8.38,0.65
7.16,0.51
2.5,0.8
2.71,1.29
0.86,0.8
2.66,1.58
3.16,0.71
8.07,0.99
7.13,0.79
7.55,1.29
2.4,1.29
4.96,1.75
0.57,0.32
8.38,1.07
8.82,0.51
1.54,1.82
8.27,1.43
0.8,0.53
4.79,1.46
9.16,1.43
6.7,0.71
8.27,1.63
0.97,1.11
4.49,2
6.57,0.62
7.27,1.22
0.88,1.52
7.24,1.82
9.06,1.04
4.21,1.34
2.05,0.39
4.48,0.62
4.1,1.91
7.38,0.71
5.61,1
0.96,1.3
6.46,0.41
0.6,1.4
3.85,0.91
0.73,0.38
9.73,1.31
4.58,1.39
6.99,0.66
1.26,1.13
8.23,0.79
4.57,1.34
9.23,0.84
6.68,1.45
2.84,1.98
8.58,1.53
0.87,1.27
7.67,1.41
7.29,1.88
6.8,0.34
2.96,0.42
8.85,1.92
5.92,0.96
3.29,1.42
5.04,1.93
7.36,0.99
2.48,1.73
9.39,1.3
8.48,2
2.42,1.35
0.68,1.39
5.47,0.36
9.71,0.32
8.3,1.16
0.18,1.77
1.02,1.67
6.77,0.89
6.36,0.6
3.35,1.85
5.88,0.91
8.38,1
2.65,1.73
0.64,1.27
9.35,1.89
9.65,1.8
1.87,0.45
6.59,1.22
8.74,1.18
8.33,1.69
7.59,0.87
3.97,0.5
0.07,1.45
6.57,1.91
9.4,0.46
7.89,1.2
7.07,1.61
8.91,1.02
3.58,0.99
5.06,1.02
1.89,1.92
2.45,1.22
0.57,1.6
0.25,1.92
0.03,1.94
6.13,1.62
5.5,1.45
5.12,0.53
8.73,1.37
5.16,1.59
0.56,1.9
3.13,1.81
3.91,1.98
9.91,0.78
3.52,1.37
6.68,0.79
9.44,1.91
8.83,1.99
2.18,0.98
2.77,0.93
3.19,1.62
3.18,1.35
4.05,0.61
3.78,1.66
6.45,1
7.91,0.63
5.2,1.33
4.27,1.19
7.07,1.77
3.96,1.47
3.5,0.58
9.44,0.88
8.04,1.1
4.78,1.03
4.26,0.96
7.65,1.39
0.34,0.77
4.87,0.89
9.08,1.26
0.12,0.66
6.19,1.12
7.37,0.79
5.17,0.7
6.81,1.76
1.73,0.43
3.19,1.95
5.7,1.59
7.21,1.71
4.36,1.65
7.7,1.83
6.45,0.68
4.01,1.43
8.17,1.19
0.65,1.37
9.24,1.12
2.62,1.61
7.68,0.74
1.29,0.65
3.77,1.69
6.18,0.55
7.82,1.28
5.25,0.39
7.96,1.71
6.29,0.76
2.89,1.91
1.13,0.47
9.72,1.04
1.36,1.69
5.86,1.21
8.71,1.81
7.34,1.88
7.09,1.9
7.47,1.27
0.46,1.58
3.92,1.09
7.34,1.79
9.44,0.33
0.79,1.37
6.92,0.75
9.43,0.47
2.54,0.37
8.14,1.53
7.15,1.26
6.89,1.25
0.73,1
6.89,1.72
9.6,0.32
7.43,1.22
6.38,0.66
5.96,1.38
3.3,0.65
3.05,1.22
2.41,0.75
2.13,1.78
0.76,1.36
3.45,1.49
8.28,1.92
9.64,1.14
2.97,1.88
2.32,1.4
7.36,1.62
4.02,1.09
5.03,1.18
0.44,1.43
4.72,0.38
6.52,1.94
7.01,0.54
0.51,1.93
7.13,1.91
4.13,0.69
6.8,1.97
2.48,1.59
6.44,1.11
1.44,1.06
7.9,0.46
0.28,0.92
6,1.51
3.8,1.87
8.64,0.51
7.02,1.41
8.05,0.67
5.63,1.67
4.57,1.89
4.01,1.73
6.4,1.63
8.26,0.86
9.76,0.62
5.51,1.21
2.73,1.73
4.89,1.03
8.09,0.77
6.63,0.56
0.76,0.73
5.8,0.89
7.31,1.86
1.75,1.52
5.15,1.13
2.89,1.22
8.3,0.8
2.12,1.63
8.81,1.74
8.69,1.19
7.82,0.71
2.62,1.07
5.41,1.65
5.82,1.94
3.19,0.59
3.59,1.03
9.73,1.91
0.19,0.61
6.33,1.75
2.95,1.88
6.13,1.41
6.13,0.37
5.53,0.76
2.56,1.17
4.27,0.3
5.3,1.53
4.1,1.64
9.86,0.95
5.75,1.27
3.34,1.28
2.66,1.99
3.75,1.03
1.28,1.8
0.93,1.4
5.43,1.69
3.84,1.73
1.17,1.07
3.1,1.05
7.17,0.71
3.96,1.46
8.24,0.52
7.56,0.82
2.27,1.43
8.33,0.83
1.34,1.43
9.28,0.47
4.71,1.76
6.43,0.89
6.04,1.91
6.79,0.99
0.88,1.82
3.9,0.31
8.14,0.98
1.96,0.77
9.23,1.84
9.29,1.44
3.79,0.39
4.98,1.47
5.25,1
8.4,0.38
1.25,0.36
1.5,0.86
2.77,1.74
0.2,0.49
1.44,1.41
3.5,0.99
3.05,1.75
9.61,0.55
1.43,0.55
8.42,0.38
6.65,1.81
1.25,0.97
4.76,1.57
9.73,1.6
8.07,0.34
5.23,0.65
2.09,0.71
4.95,1.37
6.98,1.64
4.38,1.23
0.58,1.53
0.95,0.9
3.75,0.72
1.61,0.64
7.87,1.99
9.87,1.96
0.82,1.34
0.89,1.7
6.11,0.33
8.55,1.02
8.5,0.6
1.23,0.9
8.32,0.41
0.95,0.5
9.69,1.19
6.87,0.51
6.8,1.53
7.25,1.14
0.53,0.31
2.82,0.7
9.74,1.25
9,1.83
1.52,0.77
2.59,1.04
1.15,0.99
5.78,1.51
0.4,1.99
5.95,1.46
5.96,0.72
7.88,1.05
9.71,0.9
8.52,1.19
5.61,1.8
0.1,1.18
0.98,1.31
6.88,1.53
6.23,0.76
0.41,0.42
3.94,0.5
0.15,1.68
7.29,0.57
4.86,1.93
2.71,1.82
1.61,1.1
8.28,1.81
8.02,0.52
9,1.4
6.08,0.71
4.46,1.88
8.16,1.99
5.13,1.62
5.71,1.08
4.63,1.18
8.73,1.74
8.53,0.49
1.41,1.74
1.51,0.63
2.35,1.78
7.34,0.85
1.02,0.66
7.08,1.48
6.03,1.09
7.06,1.01
8.32,1.73
0.45,1.91
2.72,0.99
5.64,1.27
3.48,1.43
0.89,1.4
6.75,1.85
3.11,1.66
8.71,1.53
4.44,1.1
5.95,1.22
2.93,0.4
2.54,1.85
9.65,1.01
5.36,1.62
1.42,1.98
4.14,0.63
0.68,1.37
2.35,1.93
4.14,1.38
5.9,1.12
6.46,0.73
1.38,1.68
2.03,0.71
2.16,1.22
1.75,1.39
9.26,0.79
1.75,1.99
2.66,0.93
3.41,0.49
4.71,1.15
9.44,0.67
1.54,0.35
3.14,1.85
3.86,1.17
7.41,0.84
2.59,1.28
8.56,0.71
0.11,1.19
7.68,1.16
2.08,1.77
2.61,1.05
6.73,0.3
8.24,1.7
7.08,0.71
3.66,1.52
1.76,1.19
8.93,1.33
9.57,0.89
4.86,0.48
6.61,1.82
1.5,0.44
2.5,1.29
7.85,1.05
2.75,1.56
9.84,1.43
9.64,1.74
2.78,1.66
7.92,1.43
4.06,1.37
7.74,0.65
8.69,1.51
4.73,1.31
0.7,1.83
7.94,1.52
8.4,1.21
5.86,1.42
8.99,1.5
2.69,0.8
3.43,0.57
2.9,0.57
9.65,1.72
9.65,1.23
4.27,1.11
9.76,1.7
5.48,1.43
1.43,0.64
4.07,0.58
3.42,0.33
7.91,0.43
0.13,0.72
3.82,0.3
1.06,1.29
0.62,0.59
5.49,0.85
8.78,0.42
1.24,0.38
2.27,1.64
3.09,1.58
4.7,1.82
2.28,1.53
2.92,0.81
3.18,1.33
0.95,1.2
8.37,1.09
5.46,1.17
2.37,0.53
5.69,1.59
8.44,1.5
6.7,1.82
3.71,1.38
3.7,1.91
5.85,0.62
4.98,0.38
7.93,1.35
3.88,0.46
3.64,2
3.2,0.49
4.57,0.57
5.6,0.51
7.09,1.92
4.46,0.36
4.38,1.12
6.7,1.8
0.64,1.13
1.27,1.88
3.69,0.87
0.65,1.19
3.31,0.34
3.94,1.16
4.3,1.6
1.03,1.2
9.46,0.64
1.99,1.53
9.86,1.19
3.99,1.98
0.4,1.56
5.78,1.66
5.63,1.14
6.72,0.76
8.39,1.4
1.52,0.7
2.48,1.56
9.81,0.48
4.78,1.59
8.81,1.49
7.55,1.31
0.58,0.35
1.22,1.96
5.09,1.51
9.03,0.86
3.22,1.29
4.48,0.45
8.56,0.9
9.17,0.5
2.14,1.46
8.19,0.42
8.48,0.99
5.11,1.4
8.11,1.49
2.79,0.97
2.69,1.01
8.39,1.26
5.39,0.4
3.55,1.69
2.08,1.66
0.62,0.97
0.04,1.8
9.56,1.6
2.69,1.58
6.21,0.63
4.78,1.41
8.29,1.3
3.64,0.34
6.89,0.64
7.31,1
7.21,0.55
8.26,1.94
0.74,1.62
8.58,1.79
8.41,0.65
4.8,1.33
3.24,0.48
4.88,1.27
2.88,0.45
0.24,1.07
4.67,1.44
4.04,1.78
2.65,1.25
7.15,1.2
0.78,0.5
3,0.96
6.77,1.91
8.54,0.8
3.26,0.74
4.18,1.91
5.33,1.81
5.51,0.98
1.18,1.77
0.12,0.62
2.13,1.91
6.17,0.88
8,1.64
9.38,0.53
9.42,1.43
1.42,0.85
5.77,1.47
6.21,0.5
8.5,1.53
4.03,0.86
8.57,1.59
2.51,1.14
3.12,1.79
2.27,0.86
9.41,1.73
8.93,0.44
4.24,1.43
5.59,0.42
6.09,1.73
6.86,1.44
8.03,0.44
6.36,0.63
1.63,0.37
0.51,0.45
0.86,0.84
4.64,0.37
8.75,1.71
2.9,1.91
4.85,1.19
0.34,1.37
0.47,1.21
8.75,1.06
9.85,1.4
4.81,1.56
5.18,1.18
8.74,0.58
8.62,1.04
7.97,1.31
2.78,0.35
9.1,1.82
1.04,1.67
0.46,1.36
9.9,1.41
1.32,1.4
7.36,1.7
5.7,0.62
9.69,1.76
6.41,1.39
4.59,1.79
2.11,1.25
9.08,1.9
2.12,1.09
4,1.15
5.11,0.69
6.7,0.65
6.67,0.96
6.58,1.67
9.94,0.54
5.43,0.91
5.72,0.46
5.5,0.66
9.3,0.67
5.21,1.88
2.07,1.39
0.71,1.57
0.25,1.84
3.59,0.69
7.74,1.63
9.11,0.41
5.81,1.18
7.5,1.63
4.09,0.31
1.62,1.41
1.5,0.52
0.77,0.89
0.07,1.58
4.24,1.25
9.33,1.7
3.23,1.38
3.69,0.77
0.3,0.78
2.38,0.6
6.06,1.87
6.6,1.38
4.06,0.34
1.79,1.27
6.72,1.4
0.99,1.67
9.89,1.11
5.95,1.47
7.5,1.22
3.75,0.95
1.82,1.13
7.51,0.4
7.11,1.44
8.94,1.56
4.05,0.66
8.05,0.9
8.43,0.46
7.24,0.97
6.5,0.66
8.09,0.59
5.95,0.41
8.03,1.8
4.5,0.62
3.51,1.16
2.56,1.56
6.02,1.45
5.25,0.87
7.78,0.94
9.23,1.74
0.46,0.45
2.25,0.65
1.8,0.63
2.76,1.37
8.53,0.64
8.81,0.34
2.99,0.74
8.62,1.78
4.93,0.46
7.48,0.62
0.22,0.62
3.2,0.43
3.82,0.55
0.13,0.96
8.93,0.81
0.11,1.01
7.62,0.93
9.73,0.83
6.2,1.44
3.21,0.31
7.34,1.08
7.28,1.04
9.09,0.62
6.65,1.47
4.01,0.3
9.89,0.92
2.82,0.32
4.48,0.37
0.44,1.22
2.07,0.9
7.45,1.74
3.47,2
4.32,0.75
8.6,0.55
4.03,1.91
4.42,1.33
5.15,0.68
0.01,1.24
6.57,1.72
5.91,1.8
3.75,1.51
8.39,1.49
8.21,1.98
7.51,0.4
1.84,1.53
3.4,0.38
2.18,1.45
4.29,1.3
9.39,0.47
2.64,0.53
6.88,1.61
3.03,0.33
0.99,1.45
1.72,1.65
5.54,1.53
4.8,1.95
9.32,1.03
4.17,0.6
5.41,0.99
7.68,1.26
5.58,0.96
8.77,1.98
8.01,1.25
4.52,0.55
6.77,1.63
8.01,1.13
3.35,1.7
8.22,0.38
8.01,1.01
5.18,1.61
6.85,1.15
0.65,1.86
0.2,1.97
1.26,1.12
1.71,1.1
3.93,1.03
9.67,1.07
6.08,1.43
6.54,1.66
3.52,0.55
9.68,1.82
5.16,1.42
5.71,0.55
8.39,1.72
9.66,0.68
7.46,1.56
4.95,0.39
8.65,0.87
4.86,0.47
6.1,1.24
8.29,1.5
1.4,1.85
0.18,1.52
1.69,1.67
9.77,1.4
5.07,1.79
8.9,0.43
3.86,1.52
5.39,1.44
8.65,0.33
6.44,0.47
4.74,1.47
4.88,0.44
0.92,1.16
5.07,0.77
3.83,0.72
8.18,0.99
2.13,1.94
3.53,0.55
9.05,1.54
6.65,1.85
1.44,0.93
8.36,1.62
4.48,0.47
7.99,1.88
2.33,1.08
2.94,0.7
7.17,1.19
1.12,1.64
8.8,1.94
1.05,1.9
4.04,1.27
3.11,1.81
4.51,1.09
6.42,0.66
7.1,1.38
0.28,1.08
1.6,1.16
5.07,0.87
0,0.44
1.99,1.41
7.56,0.45
3.01,1.14
8.85,1.15
1.9,0.92
5.08,0.38
4.75,0.84
1.71,1.35
1.79,1.55
7.69,1.17
0.32,1.32
1.82,1.73
0.5,0.83
4.83,1.87
1.42,0.78
0.26,1.05
0.33,0.91
3.38,1.36
4.53,0.33
4.19,1.01
3.59,1.56
7.63,1.96
7.23,1.9
1.75,0.66
6.64,0.53
8.25,1.54
3.05,1.92
8.8,0.49
9.3,0.93
2.25,1.52
8.04,0.44
8.13,0.33
8.95,0.31
7.82,0.52
2.53,1.06
6.67,0.84
8.9,0.32
5.48,1.36
1.94,1.74
9.63,1.74
4.57,1.08
6.58,1.5
8.99,1.52
0.51,1.85
0.74,0.56
7.53,1.28
3.69,1.64
1,0.99
10,0.99
9.89,1.95
7.47,1.94
3.88,1.98
9.27,1.46
4.58,0.3
3.37,1.84
0.64,0.8
9.32,0.98
2.84,0.37
7.61,1.26
7.42,1.47
6.23,0.56
3.67,1.73
5.49,1.17
0.45,1.93
4.33,0.47
4.26,1.73
0.68,1.82
6.89,0.3
1.47,1.91
8.97,1.17
3.22,0.59
2.98,1.93
9.53,0.8
8.58,1.05
6.25,1.15
2.67,1.41
2.52,0.47
7.42,0.8
9.84,0.5
6.31,1.39
9.95,0.85
3.45,1.6
8.96,1.13
7.52,1.42
7.08,1.01
0.22,1.56
0.19,0.49
4.03,1.22
0.48,1.89
5.77,0.45
1.7,1.77
6.69,1.55
0,1.84
6.41,1.03
7.79,1.43
8.73,0.48
1.92,1.13
1.67,0.83
0.67,0.52
7.71,1.59
5.76,2
1.88,0.38
9.55,1.71
4.7,1.21
5.77,1.84
6.36,1.57
5.13,0.64
2.81,1.71
5.51,0.68
0.16,0.93
1.54,0.72
7.53,0.34
8.72,1.38
5.7,0.51
5.3,1.39
0.4,0.82
5.82,1.41
0.35,0.74
8.88,0.56
5.89,1.98
4.27,0.36
8.84,0.56
7.46,0.47
1.37,1
5.1,0.49
0.71,1.19
1.06,1.6
5.72,1.76
5.84,0.69
6.38,0.87
0.74,0.82
9.63,0.5
8.65,1.83
8.78,0.93
0.42,0.86
1.43,1.56
3.36,0.95
0.43,0.68
8.22,1.36
2.49,1.46
7.76,0.46
3.77,1.19
5.64,0.62
5.28,0.47
7.94,1.5
2.21,0.96
4.17,1.67
6.34,0.98
3.75,0.82
3.38,1.18
0.74,1
2.95,1.31
0.74,1.08
6.84,0.82
7.21,1.32
8.17,0.46
4.67,1.53
7.25,0.7
7.57,1.96
1.08,0.75
7.78,1.6
1.96,1.77
5.63,1.25
4.48,1.74
0.44,1.64
7.16,1.46
8.34,1.31
3.96,1.07
2.59,0.61
4.44,0.56
2.5,1.83
5.11,1.77
5.09,1.51
0.08,0.54
4.1,1.78
0.42,1.86
5.7,1.41
3.34,1.86
3.64,0.86
9.56,1.9
5.08,0.98
4.37,0.75
0.05,1.43
9.87,1.21
4.65,0.39
1.21,1.26
0.34,1.76
6.2,0.62
7.61,1.18
6.52,1.86
7.95,0.86
0.56,1.39
6.39,1.28
4.39,1.73
2.02,1.23
5.6,1.09
5.82,1.66
1.97,1.82
9.63,0.57
3.63,0.5
4.29,0.32
5.26,1.51
2.45,0.96
5.56,1.57
3.66,1.74
5.24,1.42
9.26,1.43
8.51,1.24
5.83,1.44
7.99,1.25
7.17,0.72
6.33,0.57
7.52,1.3
0.97,1.63
0.9,1.67
5.98,0.61
7.73,0.96
6.41,0.47
7.13,1.75
1.09,0.95
3.34,0.35
0.68,1.4
0.42,0.86
9.49,1.54
7.69,1.57
4.98,0.71
2.43,1.24
7.4,1.72
1.8,1.14
9.26,0.82
2.1,1.94
2.03,0.68
3.74,1.01
3.19,1.39
9.23,0.47
9.27,0.58
0.85,1.99
0.88,0.93
5.25,0.92
4.78,1.07
1.48,1.06
4.92,1.84
6.78,1.04
6.2,1.37
3.01,0.86
7.22,1.24
5.22,1.47
4.01,1.89
3.46,0.82
3.83,1.93
7.34,1.07
7.33,0.62
1.32,1.58
1.77,1.73
5.42,0.49
2.67,1.77
2.05,1.71
0.19,0.93
4.88,1.25
8.76,1.31
3.21,1.8
6.12,0.38
7.95,0.81
4.68,1.12
1.37,1.62
1.27,1.43
2.9,1.78
7.68,0.47
2.81,0.76
0.39,0.36
2.32,0.76
2.31,1.53
2.3,1.65
8.62,0.59
8.14,0.59
0.61,1.56
9.67,0.91
1.23,0.57
6.43,1.93
9.34,1.43
4.5,1.41
5.24,0.45
4.14,1.05
1.87,1.56
1.2,0.89
7.67,0.51
9.4,0.65
1.83,1.48
7.15,0.42
2.77,1.47
1.18,0.94
5.52,0.49
5.24,1.45
1.92,0.34
8.57,1.08
6.58,0.71
0.38,0.44
8.79,0.86
4.66,1.23
0.94,1.75
2.06,0.5
7.69,1.63
1.67,1.18
7.41,0.58
9.1,1
0.86,0.67
3.46,1.96
5.33,0.39
7.19,1.27
6.5,1.61
5.12,0.84
7.65,0.45
2.51,1.13
7.53,0.57
5.45,0.48
0.77,0.73
8.6,1.12
7.75,0.35
7.85,0.96
6.24,1.48
8.87,1.65
2.33,0.44
6.73,1.31
8.3,1.09
9.59,0.9
6.12,1.68
4.64,0.49
3.91,0.4
0.08,0.61
9.25,1.03
0.65,1.68
7.38,0.33
3.4,0.93
8.07,0.9
2.59,1.28
5.27,1.63
5.05,0.53
7.61,1.98
7.72,1.33
2.52,0.96
5.92,1.73
2.97,0.81
3.71,0.35
2.91,1.67
3.56,1.5
8.14,1.15
2.68,1.84
7.16,1.72
1.24,2
3.12,1.64
1.08,0.75
3.48,1.29
7.98,1.09
0.52,1.47
6.36,1.18
5.25,1.04
5.27,0.45
2.62,1.82
2.64,1.3
3.54,1.15
9.33,1.72
0.42,1
1.48,1.78
3.8,1.83
6.28,1.04
2.22,1.3
7.08,0.71
1.74,0.68
3.42,1.43
7.22,1.76
6.2,0.38
4.45,1.61
8.9,2
5.65,1.77
6.25,0.84
1.1,0.33
9.56,1.47
0.9,0.83
1.08,1.96
1.46,1.39
0.18,0.8
0.17,0.32
4.03,1.91
3.43,1.08
8.16,1.49
2.15,0.65
1.65,0.56
0.42,0.76
1.17,0.93
0.12,0.48
8.43,1.89
6.16,0.3
2.34,1.16
7.28,1.12
0.87,0.79
2.42,0.73
2.57,1.19
8.18,1.45
9.15,1.01
0.51,0.71
7.24,1.5
4.26,1.78
6.86,1.12
9.28,0.7
6.31,0.96
5.4,1.6
3.14,0.65
6.58,1.26
7.1,0.49
8.69,0.85
2.59,0.5
7.36,1.2
8.38,1.96
2.24,0.84
1.71,1.05
0.01,1.35
3.57,1.8
0.29,1.93
5.19,0.32
6.11,1.84
8.74,1.23
6.96,1.34
4.79,1.66
9.15,0.59
4.24,0.34
8.86,0.5
9.1,1.42
9.34,1.74
4.26,1.76
3.38,1.58
1.12,1.97
8.71,0.65
0.52,1.71
5.81,0.86
7.51,0.56
1.33,1.07
3.61,1.74
0.35,1.93
7.4,1.33
9.41,0.63
9.94,1.28
8.7,1.27
6.2,1.44
3.12,1.44
7.35,1.62
5.62,1.11
0.81,0.91
3.08,1.56
4.7,1.94
0.67,0.92
6.3,0.91
4.81,0.71
9.8,1.41
5.89,1.37
4.62,0.94
3.31,0.7
0.31,1.2
1.69,1.67
6.5,1.58
3.47,1.02
2.68,0.53
1.68,1.51
1.44,0.61
0.3,0.44
7.04,0.57
8.53,1.37
8.79,1.02
5.77,0.56
5.99,0.84
2.5,1.13
7.03,1.67
2.62,1.24
9.39,1.88
4.03,0.64
6.46,0.8
9.38,0.55
7.17,1.19
8.83,1.87
4.32,0.75
7.84,0.54
5.62,1.25
0.04,0.94
7.71,1.58
5.23,1.18
8.28,0.55
3.47,0.93
4.83,1.01
0.25,0.41
0.42,1.79
0.02,0.57
6.84,1.74
5.18,0.5
8.13,0.54
8.17,1.13
4.46,1.18
9.82,1.4
5.27,1.97
6.23,0.84
0.73,1.65
1.15,1.73
0.24,1.97
0.67,1.77
5.71,0.83
5.41,1.26
7.7,0.45
1.59,0.96
7.19,1.4
4.89,1.34
3.19,0.61
1.29,0.39
6.64,1.18
6.76,1.65
9.19,1.2
3.58,0.36
9.05,1.53
3.67,0.71
5.35,0.87
8.29,0.88
2.14,1.17
9.01,0.39
8.8,1.91
7.51,0.75
7.81,1.3
1.95,0.67
4.92,1.57
2.23,1.12
3.32,1.01
1.24,1.09
8.74,1.46
0.16,1.67
5.43,1.72
0.13,1.36
9.33,1.26
2.7,0.82
1.35,2
8.31,1.61
6.03,1.26
0.11,1.21
3.17,0.68
2.2,1.14
3.06,1.89
5.01,1.16
4.19,1.29
2.86,0.32
3.32,1.96
1.83,1.88
7.24,1.78
6.35,1.6
0.7,0.92
8.6,0.39
4.72,0.37
1.81,0.94
5.15,1.04
0.23,1.07
3.28,1.14
0.8,1.68
7.52,0.31
2.72,1.32
8.44,1.41
7.32,1.93
1.25,0.37
0.51,1.07
5.84,1.38
5.47,1.91
3.51,0.43
0.01,0.94
9.5,1.5
1.77,0.37
4.47,0.88
6.42,1.32
7.34,0.53
6.25,1.18
5.76,1.92
4.97,1.64
8.72,1.59
7.75,0.97
8.01,0.63
1.08,1.85
9.67,0.8
1.14,1.59
6.74,0.88
5.82,1.76
9.88,1.59
7.37,0.48
7.13,1.83
4.81,1.28
6.59,0.38
0.02,1.6
5.89,1.88
0.38,1.15
5.89,1.22
0.49,1.06
5.05,0.63
9.43,1.24
7.32,1.63
9.02,0.45
8.04,1.11
5.71,0.56
9.09,1.38
2.79,0.51
7.21,0.74
2.48,1.34
5.99,1.78
8.99,0.57
4.18,1.33
5.56,0.62
6.92,0.46
8.83,1.48
6.46,0.74
7.15,0.46
3.41,1.39
0.92,1.48
3.36,0.36
2.64,0.6
3.66,0.79
2.47,1.81
2.42,0.46
3,1.41
1.74,1.14
3.71,1.89
8.94,0.57
0.03,1.41
4.58,0.83
3.64,0.98
7.95,1.42
6.27,1.95
4.62,1.13
9.19,0.93
3.51,0.84
3.76,1.31
1.02,0.72
9.57,1.54
6.72,1.14
9.8,1.93
9,1.96
0.36,0.78
8.86,1.09
5.72,1.1
5.26,0.83
1.66,0.57
8.14,1.57
9.94,0.33
6.17,1.22
4.44,1.78
4.13,1.19
4.78,1.8
9.55,0.89
9.9,1.54
3.87,0.95
2.36,0.59
1.56,0.97
5.29,0.31
2.38,0.99
1.34,1.75
3.69,1.22
5.94,1.05
9.62,0.32
4.64,1.45
1.8,1.4
0.09,0.43
8.19,1
8.68,0.56
5.96,1.96
4.35,0.55
8.22,0.5
8.96,0.45
8.06,1.9
1.36,0.34
2.53,1.91
3.13,1.5
3.06,1.21
1.42,0.86
8.04,0.97
6.76,1.65
0.91,1.45
0.32,1.25
5.5,0.35
6.99,2
5.77,0.36
3.55,0.75
9.89,1.78
7.41,1.39
6.78,0.62
3.59,0.55
8.02,1.09
3.76,1.23
9.01,1.94
1.05,1.5
3.59,0.37
7.57,1.76
3.96,0.64
4.03,1.77
8.3,1.8
4.4,1.43
5.25,1.9
2.3,1.19
2.14,0.32
7.55,1.19
6.91,1.29
8.12,1.27
5.47,1.36
3.95,1.62
5.01,1.83
9.5,0.6
1.67,1.06
2.37,1.07
3.98,1.05
9.42,1.74
4.18,0.3
3.24,1.26
9.44,1.58
8.38,1.77
9.89,1.69
1.16,0.79
0.49,1.93
2.2,1.93
0.69,0.37
3.12,0.46
1.94,0.82
8.97,0.62
7.2,0.59
5.72,1.62
7.31,1.87
3.86,0.39
4.9,0.92
1.38,1.83
9.28,1.82
9.93,1.15
1.36,0.33
0.62,1.15
8.4,1.14
8.86,0.91
1.53,0.81
4.39,0.8
8.98,1.38
0.99,1.31
0.9,1.39
3.22,1.57
1.62,1.89
2.85,1.18
4.81,1.07
9.62,1.93
1.87,1.73
2.46,0.88
5.98,0.48
5.17,1.4
8.44,1.35
7.39,1.8
1.49,1.47
8.76,1.29
8.9,1.96
9.26,1.64
6.45,1.93
9.69,0.36
1.07,1.99
9.8,1.07
8.96,1.61
8.92,1.36
4.89,0.73
0.81,0.86
1.54,0.3
7.31,0.63
3.05,1.17
3.91,1.64
3.1,1.18
1.28,1.11
0.1,0.72
7.75,1.28
2.24,1.38
9.96,0.84
1.79,0.92
7.3,1.52
4.28,1.06
9.68,0.94
2.38,1.4
3.03,0.72
7.18,1.42
9.06,1.59
6.75,1.38
9.01,0.35
4.62,0.45
4.95,0.46
0.68,0.68
7.58,1.77
6.57,1.22
6.45,0.69
4.96,1.53
8.5,1.16
3.9,1.11
5.23,1.84
5.03,0.47
6.41,1.47
5.9,1.93
6.62,0.68
5.29,1.09
2.37,1.02
0.89,0.58
2.8,1.83
1.74,1.27
9.93,1.23
1.58,1.8
2.6,2
3.48,0.98
6.31,1.48
0.42,1.51
8.96,1.62
2.39,1.28
2.72,0.94
5.13,1.13
3.51,1.59
6.1,1.47
2.36,1.53
5.56,0.65
9.21,0.97
5.1,1.59
3.33,0.89
1.82,1.3
7.18,1.78
8.9,0.68
1.11,0.48
8.53,1.23
7.99,1.21
9.92,0.56
7.58,0.84
4.96,1.76
3.93,1.86
5.61,1.93
0.08,0.38
1.47,1.76
5.2,1.95
5.93,1.38
8.3,1.08
3.85,0.36
4.68,1.43
4.11,0.62
5.92,1.39
7.78,1.09
3.4,1.42
2.14,0.74
0.14,0.61
3.28,0.6
7.11,1.67
5.16,1.07
1.28,0.66
5.71,1.5
4.29,1.21
4.97,1.59
3.73,1.62
4.87,1.06
0.28,0.8
8.91,1.9
2.08,0.42
1.37,0.89
9.84,0.41
5.64,1.96
9.34,1.32
5.7,1.89
4.4,0.75
5,0.36
8.27,0.45
7.17,0.54
4.49,0.73
8.05,0.97
8.23,1.5
2.64,0.62
6.48,1.49
9.64,1.72
6.44,0.95
9.27,0.45
1.24,0.58
4.31,1.43
9.77,1.76
8.79,1.51
8.16,1.48
3.25,0.52
7.49,1.16
1.76,0.51
9.83,0.6
8.24,0.94
3.97,0.74
3.86,0.91
8.37,0.54
0.68,1.21
5.85,0.49
2.5,1.61
7.59,0.31
4.99,0.55
0.87,1.19
4.16,1.94
0.71,0.84
6.07,1.88
5.18,0.84
4.57,1.73
3.96,1.17
6.48,1.15
8.19,1.81
1.33,1.61
8.92,0.45
8,0.7
1.83,0.76
3.74,0.42
6.19,1.91
0.13,1.98
4.46,1.92
1.07,0.38
0.08,1.06
3.55,1.05
2.51,1.94
7.52,0.82
2.49,0.83
9.93,1.39
2.75,0.45
7.83,0.3
9.01,0.86
6.12,0.57
4.82,1.29
3.11,1.31
4.04,0.86
0.37,1.7
7.05,0.72
2.03,1.54
1.84,1.09
1.54,1.95
7.29,0.87
6.19,0.3
8.18,1.14
7.08,1.82
4.81,0.7
7.63,1.66
0.34,1.93
3.84,0.65
1.95,1.44
8.54,1.9
5.47,1.14
4.45,0.84
3.54,0.94
5.81,1.51
5.65,0.94
2.52,1.63
7.02,1.19
6.27,0.82
5.01,0.52
2.87,0.67
0.21,0.76
5.53,1.26
6.81,1.48
7.79,0.32
7.58,1.25
0,1.53
5.24,1.27
3.05,0.75
1.81,1.03
5.3,1.35
0.6,0.78
2.75,0.45
1.81,1.51
9.25,0.91
6.02,1.43
1.05,0.3
0.64,1.9
6.77,0.8
1.84,1.62
9.79,1.15
1.69,0.9
1.79,1.06
5.17,0.93
0.54,0.78
1.64,1.17
1.5,0.51
2.82,0.34
4.03,0.46
8.75,1.2
9.09,0.67
3.2,1.59
7.31,0.53
0.41,1.92
0.19,1.94
9.37,0.82
8.81,0.44
0.41,0.52
0.79,1.86
5.39,1.01
4.98,1.87
8.43,1.23
6.18,1.38
9.95,1.52
7.81,1.45
6.77,1.44
3.81,0.7
6.41,0.98
9.43,1.77
8.84,1.36
7.12,0.89
5.24,0.76
0.34,1.69
4.55,1.12
2.68,1.91
8.07,1.08
1.5,0.86
3.04,1.8
4.34,1.21
0.13,0.53
4.01,1.59
6.52,1.69
1.92,1.04
5.4,0.89
5.58,1.75
0.68,1.32
2.94,1.45
9.1,0.66
2.83,1.01
4.78,1.48
3.24,1.76
5.3,1.45
9.07,1.89
1.94,0.52
6.48,1.52
0.38,0.96
8.77,1.07
1.08,1.72
9.37,0.88
1.07,1.13
1.11,1.25
7.71,1.06
8.73,1.05
9.74,0.89
3.52,0.69
5.67,1.96
2.93,1.74
4.7,1.44
4.87,0.54
4.71,1.64
4.02,1.81
0.41,1.6
3.36,0.83
1.88,1.28
3.26,1.81
3.72,1.59
0.44,1.8
7.33,0.57
9.02,1.24
7.81,1.84
6.57,0.58
9,0.96
5.48,0.4
9,1.12
2.99,1.92
9.02,1.76
0.29,1.55
0.13,1.82
1.01,0.8
8.73,1.47
6.46,0.72
0.65,0.97
5.71,0.38
6.13,1.97
2.59,0.48
6.1,1.66
9.31,1.6
6.51,1.87
1.4,1.76
7.05,1.31
8.42,0.86
4.12,1.33
4.82,1.6
3.07,1.62
8.6,0.96
0.69,0.83
4.31,1.11
0.8,1.23
9.97,1.39
5.81,0.99
9.78,1.88
3.43,1.84
3.5,0.86
0.72,0.52
8.7,1.83
4.23,0.78
0.35,1.3
6.03,0.61
2.77,0.89
4.75,1.88
6.44,1.96
0.02,1.62
7.42,1.44
4.14,0.84
9.23,1.56
9.6,1.95
2.22,1.29
1.25,1.09
3.78,1.38
0.99,0.83
7.18,1.48
9.99,0.66
6.5,1.88
7.73,1.7
6.45,1.38
5.95,0.7
0.85,0.45
8.42,1.19
4.81,1.66
6.84,0.87
0.81,1.12
4.17,0.44
2.38,1.32
7.07,1.76
9.32,0.3
5,0.75
3.48,1.12
0.45,0.98
8.98,0.73
3.59,0.79
6.55,0.33
0.22,1.61
8.94,1.87
2.82,0.61
0.18,0.65
8.57,1.56
6.35,0.57
5.12,1.22
2.3,1.15
0.62,0.7
4.13,0.65
4.96,1.99
2.63,1.28
2.09,0.33
2.51,1.34
8.3,0.99
1.88,1.16
8.7,0.42
3.01,1.15
0.69,1.29
2.82,1.34
3.61,0.33
4.6,0.79
8.35,1.05
3.09,2
0.82,1.66
3.29,1.43
8.01,1.6
9.35,1.22
5.85,1.07
5.75,1.7
8.97,1.36
8.65,1.64
6.39,1.36
0,0.84
0.7,2
6.61,1.89
2.54,1.56
9.83,1.11
7.08,1.24
1.96,1.5
9.77,1.43
1.59,1.26
3.22,0.99
9.51,0.81
4.17,0.34
4.78,1.28
1.76,0.67
5.74,1
4.39,0.48
7.84,0.49
9.1,0.89
6.38,0.6
2.27,0.79
9.51,0.73
3.79,1.31
8,1.87
6.14,1.48
0.06,0.68
7.29,1.54
1.67,1.27
8.12,1.99
7.41,0.79
9.65,0.3
5.45,0.31
4.2,0.94
4.97,0.37
5.14,1.65
4.58,1.79
0.15,1.67
3.97,1.66
6.89,1.06
0.34,0.62
8.93,1.98
5.45,0.45
1.54,1.85
5.51,1.32
5.79,1.17
0.94,1.34
3.26,1.59
8.24,1.21
2.37,0.39
9.44,0.73
4.94,1.5
1.38,1.78
0.04,0.85
1.18,0.87
3.95,1.6
2.71,1.37
8.55,1.04
3.29,0.32
3.17,0.9
6.11,0.38
9.87,1.35
1.25,0.59
3.34,1.45
2.56,1.32
8.21,1.47
5.66,0.86
9.12,0.45
4.92,1.92
2.29,0.38
6.08,1.51
7.36,1.07
7.78,0.88
7.06,0.84
9.34,1.97
7.05,0.55
3.5,1.36
2.17,1.78
4.01,1.36
9.86,0.55
1.26,1.17
5.91,0.86
0.56,0.73
7.13,1.1
2.62,1.48
8.98,1.61
5.66,0.46
7.97,1.49
9.14,1.41
2.12,0.32
1.63,1.23
8.5,1.35
1.22,0.92
4.31,1.42
5.35,0.73
9.22,1.18
9.52,1.34
3.39,0.89
4.1,0.99
6.37,1.21
8.5,0.89
0.42,0.52
6.93,0.62
7.18,1
4.19,0.53
5.08,1.42
3.19,1.51
9.85,1.29
1.61,1.53
6.06,1.51
1.67,0.49
6.96,1.92
1.84,0.41
7.12,1.85
4.06,1.3
4.09,1.58
9.93,0.91
7.04,1.46
8.27,0.84
0.54,1.79
9.67,1.58
0.32,1.91
9.54,1.98
8.53,0.56
9.99,1.92
3.86,1.2
8.16,1.07
3.18,0.53
1.37,1.47
0.35,1.58
9.85,0.57
9.59,0.65
2.8,1.83
6.45,0.54
3.58,0.38
8.91,1.99
8.27,1.16
6.06,0.71
0.48,0.48
7.68,0.3
9.9,0.75
5.51,0.35
0.74,0.5
0.71,1.41
5.12,1.34
7.91,1.1
1.82,1.8
4.94,0.49
8.95,0.68
3.71,0.49
4.03,1.55
2.72,1.57
2.09,1.72
4.33,1.16
1.04,0.65
9.26,1.65
9.84,0.85
8.87,1.87
3.65,1.61
1.46,1.85
1.87,0.6
5.47,1.64
9.68,0.59
4.99,1.39
0.97,0.67
7.98,1.24
4.91,0.34
2.07,0.87
0.77,1.78
1.31,1.43
0.97,1.88
4.42,0.64
3.11,1.27
7.78,1.63
4.99,0.39
1.01,0.4
4.4,1.88
0.67,0.48
8.99,0.86
3.77,1.31
4.93,1.92
8.83,0.3
2.46,1
1.4,1.46
0.78,0.8
3.91,1
5.71,0.37
1.24,1.35
4.1,0.72
2.87,0.4
6.06,1.52
3.82,1.79
5.61,0.77
4.16,1.12
8.72,0.96
9.63,0.44
3.47,1.32
3.67,1.56
8.78,1.35
0.43,1.06
2.96,1.33
7.56,0.93
7.23,0.79
9.53,0.79
0.14,1.59
3.64,0.69
9.49,1.87
6.04,1.77
0.44,0.4
5.89,1.78
9.87,0.78
9.67,0.78
1.49,1.29
8,0.49
7.48,1.24
5.04,0.88
1.9,1.14
1.57,1.77
8.14,0.57
4.55,0.54
8.69,0.38
5.81,1.1
3.01,1.91
0.41,1.15
8.11,0.46
5.3,0.86
4.71,0.91
5.16,0.35
1.02,0.57
8.1,1.64
8.35,1.98
1.77,0.32
6.22,1.64
1.38,0.73
3.13,0.34
6.87,1.01
5.55,0.65
3.56,0.52
6.52,1.11
7.6,0.79
6.19,0.58
5.02,1.4
3.32,1.38
3.47,0.49
6.49,1.17
3.08,1.2
2.1,1.75
9.31,1.26
3.48,0.69
8.93,0.86
7.02,1.37
9.72,1.63
5.26,1.78
2.68,1.67
1.37,1.31
6.09,0.37
8.23,1.54
5.01,0.44
9.04,0.91
9.87,1.86
4.44,1.66
0.43,1.39
2.57,0.67
8.71,1.2
6.22,1.81
9.04,1.83
6.99,1.38
5.51,0.75
4.44,0.68
8,0.43
0.28,1.76
5.69,0.72
1.59,1.43
0.26,1.26
4.19,1.45
3.68,0.77
5.85,1.76
1.49,0.65
4.86,1.65
9.33,1.44
0.36,1.53
6.06,1.17
1.38,1.18
6.74,0.65
6.45,0.38
1.27,1.27
4.22,1.36
9.7,1.27
0.98,1.83
3.86,1.82
1.66,0.42
7.83,1.92
7.92,1.26
7.09,0.35
8.36,1.89
4.76,0.84
2.7,0.39
2.68,1.06
7.21,1.25
4.01,1.6
7.7,0.76
3.48,0.72
0.14,1.04
4.76,1.41
1.01,0.46
4.05,1.62
5.23,0.99
4.4,0.35
0.86,1.31
3.67,0.71
1.11,1.8
2.32,1.83
7.25,1.69
6.55,1.86
1.2,0.37
3.97,1.76
6.45,1.22
1.55,0.32
3.81,1.83
0.4,0.79
8.23,0.4
1.36,0.52
6.58,1.79
1.19,1.1
1.57,1.4
4.77,0.59
1.23,1.13
5.37,1.51
7.61,1.35
3.71,1.81
8.76,1.19
9.65,1.33
4.62,1.44
2.55,0.3
4.85,0.3
9.67,1.27
6.57,0.69
9.88,1.03
3.39,1.96
4.53,1.1
6.84,1.12
3.85,1.96
7.53,1.33
9.49,1.5
4.67,1.58
9.02,2
4.51,0.96
5.24,1.62
1.2,0.94
9.07,1.2
6.97,1.3
9.44,0.58
9.53,0.65
7.23,0.54
5.56,1.41
3.66,1.12
4.22,0.35
6.17,0.72
2.37,1.79
4.75,0.89
2.33,1.27
0.79,1.49
3.59,1.4
4.19,1.79
2.75,0.99
0.35,0.64
6.42,1.46
8.84,0.97
7.42,0.67
7.19,1.29
2.4,0.63
1.22,1.67
0.48,0.37
9.25,1.83
9.48,1.01
8.45,1.11
8.49,0.39
2.32,0.71
3.8,1.57
3.13,0.73
6.21,0.65
3.82,0.84
2.93,0.41
2.43,1.65
2.73,0.68
9.59,1.14
0.39,0.89
1.52,1.74
9.72,1.69
8.11,1
0.65,1.88
0.39,1.64
3.64,1.69
6.27,1.76
6.5,1.54
3.68,0.33
2.76,1.72
1.85,0.88
7.85,0.3
5.11,1.66
5.81,1.59
3.67,1.36
6.03,0.45
6.8,1.19
8.61,1.24
9.42,0.43
0.98,1.86
1.99,0.89
4.47,0.55
2.83,1.58
9.72,1.81
8.95,1.47
