8.2,1.55
5.52,0.86
9.89,1.44
2.94,1.92
3.63,1.24
7.22,1.98
9.34,0.59
9.11,1.64
0.88,0.5
5.26,1.85
8.94,1.21
4.91,1.5
1.78,0.77
9.73,0.56
7.03,1.55
8.08,0.74
3.12,1.95
3.63,1.51
1.21,1.32
9.12,1.03
9.86,1.9
3.31,0.93
0.66,1.96
0.68,1.52
3.01,0.44
0.43,1
7.76,1.1
2.45,1.69
5.75,1.99
4.74,1.04
4.36,1.78
4.47,0.85
5.5,1.34
9.6,1.72
2.31,1.72
0.83,1.2
1.13,1.47
2.92,0.89
4.3,1.91
2.18,1.65
9.27,0.77
1.17,1.2
4.14,2
6.56,1.86
7.74,0.3
8.71,1.14
7.83,0.79
5.1,1.06
3.81,0.54
0.47,1.4
7.46,1.1
6.57,1.43
5.93,1.77
8.73,0.47
5.4,1.97
2.34,1.73
1.33,0.62
3.95,0.34
0.71,1.19
5.81,0.85
9.29,1.1
6.49,1.78
8.65,1.78
2.7,1.72
9.77,1.08
5.33,1.57
6.39,1.03
7.88,0.54
0.56,1.62
8.82,0.64
0.25,0.3
1.44,1
6.03,2
4.28,0.64
8.05,0.78
8.92,1.87
3.45,1.36
4.39,0.62
3.32,1.46
0.39,1.93
3.27,1.86
8.7,0.35
7.61,1.21
9.91,1.62
1.11,1.96
6.26,1.79
9.3,1.62
0.5,0.59
5.35,0.71
5.24,1.84
1.34,0.66
2.31,0.96
8.88,0.71
6.06,0.84
1.56,1.89
4.79,1.39
9.92,1.5
3.67,1.68
1.68,1.98
5.56,1.47
4.13,1.58
4.25,1.05
6.6,1.46
5.83,0.93
6.34,0.45
9.53,1
4.54,0.62
9.24,0.92
9.52,0.67
7.38,1.95
8.2,0.54
4.39,1.72
2.01,1.35
3.96,0.75
2.74,0.86
8.61,1.1
5.59,1.8
4.22,1.23
4.48,1.85
8.29,0.93
1.53,0.88
1.35,1.97
1.49,1.14
5.11,1.65
5.96,0.37
6.3,0.69
7.42,1.12
9.41,1.78
3.5,1.91
0.08,0.41
2.41,1.88
6.29,0.77
5.35,0.58
1.43,1.75
8.2,1.25
5.75,1.9
8.74,1.65
0.9,0.88
4.75,0.62
0.86,0.88
3.15,0.66
8.34,1.76
8.43,1.5
2.91,0.57
1.85,0.83
2.63,1.58
0.08,0.59
2.62,0.6
2.78,0.65
0.95,1.01
0.53,1.36
3.82,0.32
5.24,1.92
9.72,1.3
7.37,1.2
4.93,0.57
1.74,1.93
3.79,1.35
9.43,0.93
7.9,1.53
7.64,1.9
9.48,1.57
6.56,0.94
3.45,0.63
1.44,0.68
0.8,0.43
5.12,1.2
1.22,1.62
0.16,0.6
2.86,1.43
8.47,0.79
0.78,0.6
4.98,1.6
5.22,0.77
8.89,1.84
8.71,0.3
1.1,0.47
7.1,0.9
7.18,1.78
7.23,1.68
5.95,1.14
4.93,1.9
8.8,1.82
6.28,1.45
1.17,1.72
2.01,0.65
5.97,0.64
2.36,1.13
1.47,0.83
3.88,1.47
9.57,0.5
2.19,1.78
4.13,0.43
2.32,0.86
1.01,1.15
3.63,1.14
3.71,0.6
2.88,1.53
5.29,0.78
7.86,0.4
0.58,0.69
5.72,0.99
2.03,1.11
9.05,1.32
9.31,1.66
8.05,1.73
2.23,0.87
0.68,1.45
7.2,1.48
4.44,1.58
4.37,1.95
9.49,1.39
4.08,0.34
8.13,1.85
4.74,1.93
8.08,1.27
1.19,0.96
0.98,0.36
9.88,1.32
8.73,0.44
8.73,0.92
1.51,0.37
0.97,1.63
2.78,1.53
2.87,1.14
3.99,1.25
8.27,0.76
6.63,0.52
3.83,1.33
2.94,1.04
7.1,0.36
0.14,1.52
5.37,0.38
0.5,0.51
4.07,1.96
0.43,1.58
7.21,0.36
9.73,1.08
3.14,0.93
0.34,0.71
5.81,1.28
7.51,1.17
1.36,1.81
0.33,0.75
1.43,0.58
7,1.97
5.07,1.98
6.66,1.06
1.19,1.32
8.04,0.32
3.04,1.51
9.77,0.4
9.51,1.05
2.34,1.31
4.94,1.49
0.28,1
6.95,1.95
4.48,0.72
4.53,0.64
3.46,0.7
4.19,1.29
0.81,0.72
5.37,1.53
7.45,1.21
7,0.44
6.18,1.98
9.13,1.34
1.74,2
2.39,1.59
6.76,0.83
7.75,1
1.04,0.32
2.26,0.42
8.95,0.93
8.19,0.37
6.49,1.15
1.22,1.15
8.15,0.93
6.89,2
0.24,1.86
9.41,1.67
1.84,1.63
1.31,1.88
4.3,1.49
5.48,0.66
4.62,1.43
8.25,1.86
1.92,0.84
0.97,0.44
6.26,0.36
5.89,0.38
7.32,1.79
9.8,1.13
0.3,1.91
5.68,1.02
9.18,0.86
0,1.13
1.12,1.46
7.61,0.83
7.74,0.34
4.38,1.24
1,0.58
5.22,1.35
9.81,0.4
7.83,0.96
7.17,1.23
3.93,0.88
2.59,1.42
9.42,0.71
5.37,0.45
6.67,1.4
3.18,1.5
5.03,1.36
3.71,0.59
8.49,1.93
6.56,1.13
7.41,1.53
9.65,1.67
8.23,1.64
2.42,0.34
7.12,1.51
4.24,0.43
8.66,0.38
4.02,1.98
0.99,0.82
4.17,1.47
4.36,0.66
4.85,1.65
4.38,1.58
1.41,1.16
8.4,0.75
1.34,1.11
6.87,1.14
6.34,1.83
0.15,0.97
1.33,0.34
3.25,0.99
4.7,1.64
5.18,1.19
0.3,0.75
6.32,1.2
7.94,0.43
5.77,0.48
0.44,1.96
1,1.91
2.32,1.44
4.75,0.71
7.23,1.68
4.08,1.75
7.1,0.66
0.13,0.37
9.94,0.39
2.17,0.47
1.04,0.61
4.35,1.56
4.04,1.42
4.8,0.45
1.96,1.45
5.3,1.81
9.87,0.55
0.02,1.03
6.72,1.6
6.4,0.42
7.18,1.87
9.69,1.01
1.76,0.31
1.28,1.55
1.68,0.85
9.62,0.3
8.33,0.82
6.37,0.97
1.95,1.28
0.75,2
9.33,0.34
9.38,0.83
8.2,1.81
0.34,1.36
8.86,1.98
0.6,1.79
4.21,1.6
6.05,0.81
0.48,0.7
6.58,0.43
6.33,0.38
0.96,1.45
9.72,1.25
4.45,1.5
8.19,0.77
8.37,0.64
2.39,1.64
1.67,0.79
2.79,0.87
3.12,2
7.75,1.17
2.41,1.22
2.95,0.7
4,1.2
1.21,1.27
9.53,0.45
3.85,1.32
6.03,0.57
1.92,0.35
4.13,0.85
5.44,1.15
9.25,1.92
8.49,0.32
9.93,1.7
1.61,1.79
1.07,1.73
1.5,1.71
3.15,1.99
0.96,1.86
2.28,1.68
6.91,1.64
4.38,1.56
3.35,1.3
8.04,1.94
8.9,0.96
1.86,1.39
6.22,1.34
6.47,1.62
5.61,0.35
3.97,0.9
2.17,1.47
3.93,1.83
4.62,1.86
8.18,0.73
1.02,1
0.55,1.04
1.66,1.13
5.39,0.66
0.16,0.98
9.1,0.78
6.56,0.35
5.38,0.34
3.71,1.88
8.84,1.81
8.25,1.69
2.44,1.57
0.35,0.4
8.78,0.64
2.15,1.78
9.99,1.62
1.32,1.72
7.13,0.5
4.91,1.87
8.82,1.77
3.4,1.89
8.64,1.29
7.47,0.83
7.14,0.83
7.86,1.63
6.23,1.37
6.83,0.87
7.55,1.82
8.12,1.45
0.12,1.64
6.75,1.62
3.5,1.98
1.71,1.96
7.96,1.76
4.63,1.84
5.46,1.68
0.06,0.8
8.12,1.67
9.59,1.85
0.77,0.63
4.85,1.09
7.05,1.65
1.36,1.55
5.92,1.29
0.96,2
1.59,1.69
7.72,0.34
3.87,1.88
8.63,0.49
6.11,0.34
6.69,1.76
7.69,1.96
8.68,0.42
6.46,0.87
1.78,0.76
5.02,1.17
1.2,1.83
9.83,1.71
3.22,0.9
2.6,1.67
5.95,1.38
9.23,1.47
4.7,0.45
0.43,1.94
6.05,0.35
6.52,1.69
1.72,1.88
6.05,1.15
9.92,0.59
9.45,1.33
5.67,1.38
4.86,0.78
3.45,0.76
2.08,0.48
2.11,1.5
3.75,0.76
4.2,1.44
8.79,0.59
3.6,1.47
5.71,1.37
1.67,1.38
8.44,0.49
1.29,1.75
0.99,0.37
0.16,1.08
9.65,0.71
1.88,0.52
4.58,1.86
5.1,1.11
4.05,0.5
3.06,1.91
9.84,1.02
8.9,1.05
7.47,0.48
7.08,1.64
4.92,1.66
9.82,0.43
5.78,1.81
8.95,1.79
7.89,0.88
4.74,1.3
3.77,0.73
1.78,1.48
1.26,0.42
4.57,1.31
7.19,0.54
8.32,1.64
3.26,1.72
0.47,0.3
8.54,1.28
0.25,0.6
6.49,0.32
6.4,1.88
3.14,1.81
9.3,1.46
8.33,0.34
4.08,1.09
5.41,0.92
1.83,0.65
6.84,1.29
3.57,0.47
0.46,0.83
9.32,0.99
9.08,1.9
0.86,0.57
1.7,1.21
0.61,0.44
0.65,0.55
2.91,0.95
3.96,0.81
4.13,1.55
2.01,0.62
8.91,0.9
7.37,0.49
9.97,1.8
9.94,1.23
7.82,0.91
2.45,1.98
7.81,1.34
6.78,1.86
5.54,1.28
2.93,1.45
5.93,1.45
3.44,2
3.64,1.09
6.55,1.47
9.76,1.02
0.46,0.59
8.42,1.08
9.47,1.52
9.25,0.6
0.58,1.16
6.6,1.99
4.92,1.13
2.34,0.96
2.16,1.9
9.48,1.73
7.18,1.17
7.56,1.49
7.08,1.57
6.32,1.14
9.86,1.27
6.99,1.31
6.54,1.78
2.93,1.38
3.5,1.73
5.37,1.62
3.47,1.27
3.22,0.34
9.95,0.92
0.44,1.73
1,1.53
4.12,0.77
7.44,0.43
3.22,1.17
1.06,0.74
0.91,1.65
7.08,0.38
9.97,0.46
4.83,1.25
0.55,1.34
9.87,1.8
5.76,1.02
8.69,1.81
8.08,1.29
5.97,1.75
2.76,1.39
3.7,1.95
7.41,1.28
0.99,1.87
5.72,0.67
2.34,1.75
0.2,1.1
1.7,1.68
1.92,1.05
5.65,1.54
5.15,0.45
6.4,0.97
3.75,1.6
5.87,0.58
7.93,0.97
4.57,1.94
8.35,1.77
1.54,1.45
2.1,1.61
6.53,0.64
9.86,1.89
0.37,1.12
7.85,0.65
2.78,1.12
1.76,1.52
7.45,0.73
2.06,1.41
3.64,1.43
7.77,0.94
7.39,1.9
5.84,1.04
1,0.49
4.03,1.83
6.96,0.84
2.07,1.32
8.27,1.51
2.54,0.97
3.76,0.3
9.77,1.61
6,1.93
6.37,1.14
5.06,0.82
0.55,1.61
2.39,0.66
1.59,0.31
4.32,1.94
0.34,1.93
2.97,1.58
4.88,0.43
3.51,0.33
0.69,0.34
0.6,1.97
0.13,1.1
9.81,1.83
8.95,1.77
0.52,0.47
8.72,1.57
9.27,1.94
1.11,0.83
3.86,1.48
9.06,0.74
4.86,1.03
5.32,0.77
4.13,1.76
6.05,0.37
1.01,1.89
8.12,1.4
0.76,1.64
5.99,1.73
9.29,0.65
4.07,0.94
7.45,1.84
3.04,1.66
8.24,0.63
3.41,0.88
2.61,0.95
2.27,1.84
8.77,0.78
4.77,1.14
8.65,1.13
2.76,0.44
1.14,1.37
6.36,0.46
9.67,1.7
4.78,1.55
4.15,0.86
7.07,1.33
9.5,1.13
7.68,1.03
5.42,0.83
5.38,1.43
7.89,0.41
4.9,0.4
7.09,1.14
3.58,1.27
0.88,0.66
8.42,1.78
1.34,0.92
9.4,0.89
5.63,1.56
9.98,0.7
9.22,1.19
3.91,1.2
0.26,1.3
7.43,0.76
9.51,1.34
4.21,1.97
6.09,0.66
8.69,0.88
6.65,1.17
8.56,0.44
8.31,1.11
4.28,1.09
7.87,0.93
0.27,0.45
9.88,0.3
0.38,1.63
5.84,1.13
9.35,1.08
3.01,0.6
1.34,0.65
7.86,0.72
2.12,1.62
3.87,1.53
6.94,0.4
7.93,0.45
2.57,0.58
1.77,0.48
6.22,1.67
4.69,1.58
2.26,1.92
6.74,1.2
5.03,1.24
8.85,1.27
9.91,1.08
8.69,1.93
9.94,0.42
6.44,1.56
7.71,0.56
4.52,1.86
9.42,1.46
7.86,0.8
2.14,1.32
0.42,1.98
4.91,1.56
6.94,1.08
5.86,1.33
7.84,1.74
1.63,1.81
3.36,1.17
0.64,0.36
3.67,0.36
8.29,1.84
3.67,1.98
4.85,0.55
2.37,1.5
4.87,1.5
5.26,1.28
0.6,0.47
7.56,1.35
6.15,0.51
6.08,1.21
7.96,1.39
4.79,1.31
1.94,1.63
5.4,1.83
9.71,1.46
7.46,0.6
0.87,1.48
5.6,1.72
7.37,0.88
9.23,0.57
0.79,0.68
9.08,1.52
9.88,1.72
2.09,1.1
5.48,0.78
0.51,1.04
1.3,0.54
7.87,1.82
6.9,1.7
3.3,0.49
8.7,0.68
7.19,1.58
5.03,1.24
9.19,0.82
7.39,0.71
0.19,0.54
5.51,0.97
9.33,0.4
3.86,0.34
5.03,0.42
3.88,1
9.22,1.7
0.55,1.03
9.41,1.45
5.63,0.58
4.97,1.97
5.19,0.53
3.47,1.94
2.34,0.71
3.76,1.5
9.6,1.52
2.53,1.15
1.63,0.7
4.02,0.73
9.48,0.46
4.47,0.49
6.8,1.86
2.91,0.7
0.19,1.56
8.57,0.3
9.97,1.29
8.16,0.41
9.71,1.65
2.84,0.75
1.58,0.83
8.24,1.74
4.72,1.78
2.37,1.35
6.83,0.32
8.47,1.63
4.38,1.12
9.25,1.9
6.02,1.79
1.03,1.43
5.57,1.08
7.92,1.16
9.11,1.2
2.91,1.89
5.48,0.52
5,1.95
4.11,1.35
7.57,0.46
9.35,0.37
6.59,0.49
3.06,1.87
4,1.67
3.22,0.62
6.48,0.56
8.14,1.93
1.59,0.85
4.32,1.59
9.62,0.36
3.74,1.33
5.58,1.95
7.76,1.62
1.68,1.3
9.09,0.87
4.99,1.58
0.65,0.61
9.45,1.66
6.12,0.9
6.4,1.98
0.64,0.37
3.64,1.8
8.68,1.87
4.08,0.69
1.75,1.92
9.42,1.42
8.14,0.42
5.02,1.59
8.05,1.25
7.51,1.88
5.45,0.82
6.22,0.83
7.94,1.49
6.76,1.6
5.83,0.81
6.49,1.11
5.34,1.11
4.11,1.84
1.11,1.78
8.94,0.63
2.27,1.3
2.88,1.24
3.15,1.44
8.48,0.68
8.57,0.93
3.32,0.85
7.52,1.48
5.17,1.02
0.81,0.98
2.67,1.75
4.2,0.89
0.14,1.54
3.96,0.58
6.14,1.45
0.08,1.56
2.98,1.56
6.88,1.78
1.99,1.17
2.63,1.63
0.48,0.81
5.37,1.52
0.69,1.94
1.21,0.52
0.05,1.93
7.19,1.9
4.35,1.39
7.72,1.67
8.01,1.02
3.91,0.48
1.78,1.49
1.68,1
4.37,1.52
0.1,0.71
1.25,1.73
2.67,0.91
9.9,0.3
5.6,0.49
1.72,0.88
9.34,1.8
6.64,1.93
7.92,1.06
9.76,1.15
7.02,1.54
3.99,1.54
6.36,1.86
2.89,0.72
1.1,1.93
8.58,1.29
1.79,0.87
1.38,1.27
1.15,0.51
9.98,1.14
5.84,1.27
4.3,0.56
0.65,1.74
9.15,1.16
4.66,1.08
4.63,0.39
0.85,1.72
9.04,1.56
7.08,0.62
9.67,1.24
1.1,1.23
4.13,1.31
8.6,1.46
1.9,1.79
8.1,0.5
5.23,0.99
1.3,1.75
0.3,1.56
6.79,1.55
8.14,0.51
7.14,1.24
0.1,1.43
8.07,0.83
5.37,1.56
8.07,1.85
8.45,1.95
7.07,1.8
9.79,0.68
0.23,1.63
4.54,0.9
2.42,1.22
4.77,0.63
9.58,0.45
3.48,0.59
6.83,1.88
8.31,1.87
5.74,1.39
4.16,1.34
8.7,1.96
2.34,1.04
6.7,1.15
2.48,0.37
3.79,1.48
9.75,1.36
4.21,1.56
9.94,1.1
4.77,0.91
8.73,0.45
9.01,1.72
5.25,0.33
4.13,1.14
2.75,0.78
7.15,0.97
8.61,1.93
8.78,1.77
7.12,1.06
2.1,1.09
2.7,1.06
4.79,1.61
3.83,0.81
8.28,1.52
7.47,1.07
4.06,0.49
5.63,1.21
7.02,0.64
6.77,0.57
4.82,1.6
7.26,1.23
6.25,0.38
2.71,1.98
0.76,1.8
5.16,0.96
1.71,1.8
0.95,0.87
8.68,1.72
7.97,1.36
8.38,1.64
6.08,0.86
0.66,0.68
9.56,1.35
6.01,1.96
5.13,1.53
1.62,0.67
8.44,0.8
4.44,1.45
1.24,1.16
9.52,0.43
5.58,0.38
3.46,0.94
2.26,1.16
0.45,1.36
5.74,1.2
6.22,1.84
7.07,1.56
9.56,0.81
4.15,0.57
5.45,1.74
5.95,1.93
9.18,1.83
5.06,1.63
7.02,0.4
7.86,1.58
3.77,1.38
9.24,0.71
8.65,1.17
5.96,0.94
0.95,1.04
7.44,1.5
3.44,1.91
1.64,0.64
5.62,1.09
3.93,1.82
1.14,0.3
1.46,0.62
0.97,1.42
2.72,0.8
1.61,1.9
2.84,1.08
4.2,1.41
4.62,0.3
8.85,1.35
9.38,1.63
7.47,0.45
2.14,0.32
6.12,1.34
7.14,1.85
6.53,0.58
8.15,0.97
2.52,1.24
3.9,0.64
0.98,0.31
5.55,0.76
0.45,0.9
4.56,0.37
9.14,1.42
1.56,0.68
7.67,0.53
8.09,1.88
0.34,1.05
0.45,0.52
1.99,1.55
0.25,0.54
1.59,1.07
0.4,0.38
4.72,1.59
1.26,1.76
7.32,1.28
7.42,1.62
2.45,0.75
2.55,0.33
1.85,1.21
3.79,2
2.11,1.59
0.16,1.95
6.12,1.21
4.75,0.36
8.7,1.05
8.44,1.95
5.68,0.82
6.81,1.96
1.97,0.67
4.24,1.74
4.03,0.98
8.83,1.16
7.42,1.7
3.06,2
9.98,1.6
2.71,0.54
5.36,1.04
3.53,0.3
9.13,1.64
7.47,0.39
4.69,1.46
8.56,1.58
5.91,0.55
8.92,1.11
1.1,0.35
6.96,0.8
9.21,1.08
9.44,1.75
6.69,1.88
4.96,1.73
4.79,1.89
7.86,1.3
5.07,0.44
8.55,1.99
4.78,1.19
5.53,0.52
7.67,1.67
8.12,1.04
8.99,0.49
5.36,0.65
0.34,0.89
9.23,1.28
4.75,2
4.67,1
6.22,1.02
5.17,0.84
6.53,1.92
9.4,1.58
5.36,1.8
3.45,0.56
5.56,1.02
8.81,0.68
7.09,1.61
5.25,1.1
6.22,0.98
2.68,0.92
2.81,1.02
4.38,1.58
3.75,1.3
2.96,0.36
3.54,1.3
8.48,0.98
8.55,0.44
7.68,1.39
0.53,1.83
6.15,1.42
4.34,1.53
3.04,0.41
1.18,0.8
3.65,0.54
3.35,0.37
6.32,0.83
7.83,0.6
1.85,1.04
6.67,1.24
2.09,1.95
1.8,1.99
2.09,1.39
7,1.36
1.18,1.98
7.87,0.9
7.13,1.11
6.48,1.42
5.31,0.41
7.36,0.51
9.65,0.41
9.87,1.51
1.65,0.59
0.66,1.62
2.57,1.28
7.43,1.48
2.2,1.82
2.93,0.78
3.83,1.98
8.42,1.46
7.02,1.11
1.89,0.66
8.87,0.83
8.99,0.34
0.3,1.92
7.68,1.29
5.22,1.77
6.89,1.21
8.14,1.75
9.36,0.44
9.96,1.3
2.47,0.75
3.69,1.85
8.89,1.23
5.77,1.67
1.27,1.26
3.73,1.64
0.55,1.88
2.46,1.8
3.51,1.2
0.52,1.19
1.64,1.71
0.66,1.55
2.53,1.94
7.33,1.96
1.4,1.28
0.66,1.06
0.15,0.41
0.72,1.01
6.17,1.11
7.34,1.79
0.25,0.47
4.6,1.24
8.76,1.77
2.38,0.51
7.63,0.78
5.22,1.16
5.94,1.35
7.19,1.4
6.29,1.56
9.8,1.41
3.77,1.08
1.93,0.66
1.95,1.98
1.78,1.09
1.04,1.1
6.32,1.82
2.43,0.55
3.85,0.67
1.4,1.58
3.99,1.22
1.99,1.29
8.47,0.56
4.87,1.82
0.01,1.79
2.48,1.37
4.88,0.51
9.12,0.87
7.14,1.32
8.17,1.83
9.51,1.35
9.06,1.65
9.32,0.55
2.86,0.51
3.34,0.75
3.75,1.99
7.22,1.45
3.42,0.39
4.22,0.5
0.39,0.91
6.62,1.05
3.86,1.67
8.38,1.64
6.19,0.99
0.65,0.77
0.22,1.26
5.41,1.74
2.94,1.03
4.48,1.91
4.24,1.97
5.61,1.11
0.08,1.81
5.99,1.12
8.21,1.93
9.47,0.99
7.1,0.9
4.08,1.75
9.96,1.63
6.76,1.37
5.16,1.45
4.86,1
3.2,1.23
2.5,1.89
0.45,0.8
7.21,0.7
8.03,0.33
5.33,1.54
6.89,1.14
8.5,0.37
4.53,0.73
5.62,1.04
4.63,0.53
7.93,1.43
1.75,1.67
8.85,1.8
9.46,0.84
9.66,1.53
7.31,1.32
3.25,0.75
5.16,1.36
1.88,0.82
5.43,1.3
9.63,0.51
2.81,1.22
1.7,0.68
2.34,0.81
0.33,0.52
3.76,0.34
4.61,1.26
5.69,0.77
6.31,0.42
5.87,0.78
7.3,1.61
7.82,0.68
6.91,1.65
3.41,0.66
0.79,1.69
3.86,1.5
0.36,1.32
4.5,1.98
4.91,1.05
7.52,0.59
4.85,0.58
8.13,1.15
5.69,1.21
4.89,0.92
7.64,0.72
8.76,0.66
1.36,1.25
3.82,0.58
6.66,1.81
4.5,1.53
2.73,0.99
6.8,1.04
2.93,1.56
6.64,1.02
4.85,0.91
9.17,1.72
7.08,0.56
6.32,1.79
4.88,0.97
3.62,1.01
8.68,1.38
7.67,0.64
8.45,1.75
2.88,1.84
7.36,1.3
9.43,0.4
8.77,1.22
4.09,0.9
4.24,1.46
1.23,0.86
1.04,1.56
3.11,1.22
4.85,0.48
1.22,1.29
9.59,1.7
1.64,0.72
1.98,1.98
0.66,0.53
6.83,1.78
0.25,0.72
3.81,0.63
1.37,1.38
1.68,1.36
1.94,0.88
9.06,1.75
3.01,0.32
0.36,1.05
4.4,1
6.97,0.99
7.13,1.28
4.8,0.5
0.24,1.61
7.93,1.95
9.04,2
4.68,1.38
0.31,0.51
8.89,0.94
7.58,1.46
3.08,0.56
2.33,0.55
7.36,0.32
8.66,1.17
3.9,1.02
1.44,1.25
6.83,0.85
0.94,1.5
3.07,1.99
9.37,0.46
5.28,1.86
7.17,1.34
7.48,1.58
8.66,0.33
9.41,1.52
3.02,0.67
3.6,0.48
2,1.3
1.07,1.15
2.12,1.78
7.05,1.44
5.31,0.5
5.25,1.9
3.99,1.66
7.28,1.11
5.36,1.92
6,1.69
4.46,1.18
3.12,0.95
8.63,0.35
3.46,0.52
7.85,1.73
1.25,1.24
8.55,1.37
1.98,1.02
5.11,1.16
9.91,0.45
3.09,0.82
5.25,0.36
6.93,1.45
6.87,0.71
8.43,1.56
5.67,1.3
8.95,0.4
0.26,1.33
8.79,0.73
0.04,0.68
2.53,1.67
8.79,0.53
0.01,1.16
4.73,1.12
8.77,0.96
1.01,1.82
5.69,0.83
3.21,1.22
4.77,0.44
9.32,0.66
5.92,0.72
3.15,0.57
5.29,1.45
1.44,1.89
6.42,0.52
3.2,1.65
3,1.09
9.27,1.26
5.9,1.84
6.69,1.76
5.94,0.65
4.48,0.52
1.91,1.06
9.51,1.34
6.08,1.3
4.34,1.15
1.91,1.49
4.2,1.32
2.88,0.98
5.25,1.18
4.4,0.81
0.82,1.6
9.2,1.04
0.54,0.98
8.14,2
2.7,0.48
7.75,1.73
4.63,0.61
0.11,1.23
2.83,1.48
4.49,1.61
0.09,1.15
5.02,1.84
5.4,0.98
9.97,0.44
3.46,0.72
5.08,1.69
3.77,1.88
0.26,0.76
2.34,1.13
5.37,1.43
5.78,0.59
1.83,1.04
4.58,0.56
4.29,0.76
4.43,0.71
0.28,1.93
7.96,0.88
6.42,0.98
2.47,0.62
8.35,1.67
0.46,1.87
8.49,0.87
3.11,0.52
9.86,0.71
7.17,0.46
9.36,1.36
1.1,1.22
1.55,0.55
5.64,1.56
3.48,1.45
6.69,1.54
0.9,1.14
9.9,1.48
0.8,1.23
3.76,0.82
7.57,0.85
9.33,0.7
4.55,0.53
0.6,1.38
0.6,0.75
5.34,1.11
6.28,0.41
2.08,0.83
9.46,1.21
8.66,0.33
4.47,1.83
2.92,1.47
3.74,0.57
9.88,0.96
1.85,1.79
9.81,1.32
7.68,1.53
0.69,1.16
3.63,0.42
3.82,1.9
3,0.84
7.93,1.47
6.54,1.77
7.82,0.42
0.53,0.76
6.04,0.83
10,1.06
6.97,0.74
6.3,1.65
4.15,0.47
6.55,0.63
0.64,0.79
5.08,1.78
9.3,1.15
4.59,0.82
0.93,0.41
4.61,1.5
4.73,0.42
3,0.94
7.96,1.18
9.72,1.06
4.85,0.73
1.33,1.04
5.75,0.91
4.57,1.87
2.69,1.09
7.49,0.69
2.79,0.49
7.69,0.84
9.43,1.43
1.03,1.38
7.4,1.9
2.42,1.54
7.69,1.82
8.5,0.61
9.63,1.09
0.27,0.75
3.43,1.04
1.79,1.3
7.56,1.42
4.03,1.65
3.93,0.48
7.4,1.71
0.6,0.52
8.45,1.09
1.98,1.5
3.19,1.54
4.91,0.68
6.99,0.71
7.2,0.51
3.54,1.43
4.48,0.6
7.14,0.61
5.99,1.45
4.34,0.44
0.02,1.42
5.94,0.78
6.37,1.36
2.1,1.5
8.78,1.5
9.83,0.84
2.78,0.35
7.23,0.42
4.67,0.36
6.05,0.44
1.53,1.07
8.85,1.1
9.9,1.27
8.25,1.11
6.49,0.37
1.69,0.59
1.62,0.97
5.77,1.01
8.44,1.47
3.57,1.08
2.85,1.39
9.7,1.44
5.88,1.67
8.63,1.21
8.05,0.77
4.17,0.7
3.61,0.55
2.47,1.51
9.97,0.77
2.87,0.31
4.23,1.39
6.49,0.77
5.18,0.48
4.45,1.76
8.8,1.6
5.72,0.73
7.07,1.72
0.52,1.47
6.18,0.61
6.16,0.33
1.14,0.97
4.47,0.32
9.73,0.55
4.78,1.84
9,0.66
2.41,1.34
4,1.91
10,1.21
6.67,1.87
2.62,1.59
9.38,0.55
6.94,0.31
1.26,1.42
6.92,0.86
8.88,1.25
8.44,0.74
9.33,0.37
4.01,0.68
6.38,0.6
9.8,0.87
8.87,0.36
2.79,0.88
5.59,1.13
4.98,1.1
7.65,1.24
1.49,1.21
8.36,0.8
6.34,1.21
5.23,1.86
0.88,0.32
1.11,0.91
8.46,0.87
1.32,0.86
9.03,1.8
3.57,1.77
9,0.88
6.13,1.4
3.47,1.12
8.21,0.43
3.32,1.12
6.13,0.51
3.9,1.05
7.56,1.16
7.99,0.73
1.28,1.09
2.15,1.02
6.32,1.82
6.08,1.89
2.36,0.99
0.35,1.08
6.83,1.4
3.3,1.29
0.35,0.58
0.81,1.88
3.27,1.86
7.12,1.98
0.78,0.62
2.46,1.91
3.74,0.53
6.79,1.6
9.24,1.7
0.23,1.68
0.28,0.72
4.22,0.32
0.84,0.46
6.96,1.29
5.91,1.66
2.08,0.67
8.78,0.64
1.75,1.99
9.38,1.49
8.26,0.46
8.17,1.31
4.32,1.01
0.71,1.99
2.98,0.48
2.89,0.51
1.74,1.85
9.92,1.02
9.22,1.51
7.69,0.96
5.88,0.3
5.13,0.37
0.59,1.57
3.69,0.37
1.48,1.49
9.31,1.17
5.01,0.9
6.1,0.79
8.87,0.81
5.83,1.02
2.71,0.98
7.32,1.25
3.33,0.56
8.01,1.81
1.41,0.58
9.78,1.93
1.97,0.58
8.58,1.06
4.1,0.74
1.92,2
4.96,0.79
4.05,0.82
3.11,1.23
6.57,1.01
0.91,1.38
0.14,1.27
9.47,1.39
6.44,0.4
2.35,1.12
2.49,1.04
9.78,1.33
0.79,1.12
5.46,0.87
1.71,1.44
1.65,0.4
5.65,1.71
7.49,0.57
1.05,1.54
4.63,1.88
0.33,1.24
8.73,0.54
3.02,1.95
8.5,1.71
6.55,0.66
4.62,1.06
1.11,0.58
2.84,1.61
5.93,1.93
2.95,1.1
2.32,1.02
9.43,0.88
4.12,0.39
1.33,0.63
6.21,1.96
9.2,1.47
3.79,0.41
0.69,1.54
4.82,1.06
9.87,1.36
9.71,0.61
5.01,1.21
8.08,0.46
7.94,1.92
1.28,0.81
9.11,0.66
2.53,1.44
9.13,0.77
0.15,0.5
1.26,0.43
3.39,1.86
8.86,1.69
5.56,0.44
1.64,1.23
0.23,1.39
0.17,0.47
7.28,1.14
7.4,1.82
6.43,0.32
5.66,1.49
0.66,0.49
4.92,0.83
5.27,0.35
5.86,1.18
7.4,0.68
5.32,1.55
6.18,0.82
6.85,0.65
2.82,0.83
9.57,0.6
3.26,1.44
3.47,0.54
9.91,1.33
0.22,1.22
1.74,1.88
5.07,1.89
4.47,0.57
1.25,0.78
3.1,1.34
1.4,1.37
2.71,0.7
1.58,0.71
8.28,0.57
1.63,1.28
5.09,0.36
1.54,1.37
7.42,1.95
0.36,0.9
3.58,0.84
4.54,1.03
9.55,1.33
9.32,1.72
8.36,0.96
1.29,0.39
8.91,0.3
2.24,0.74
6.1,1.95
4.36,1.88
9.35,1.83
0.91,0.9
7.3,1.38
6.82,0.86
6.04,1.23
4.13,1.92
2.51,1.72
1.69,1.97
5.74,1.73
7.82,0.74
9.64,1.2
2.92,0.97
5.38,1.54
3.74,0.88
2.18,1.14
1.65,1.96
1.41,1.83
5.66,1.98
3.45,0.43
4.66,1.66
5.38,1.59
8.59,1.83
0.58,1.51
3.23,0.78
3.81,0.59
4.08,1.91
7.57,0.63
6.46,0.76
0.94,1.82
3.41,1.84
0.58,1.64
0.42,1.19
7.39,0.44
8.84,0.52
0.85,1.57
3.36,0.91
2.35,0.46
3.56,0.41
4.72,1.75
7.2,1.56
4.54,1.51
0.9,0.88
7.1,0.56
6.77,1.22
8.6,0.96
6.42,0.37
7.29,0.96
3.32,0.48
6.7,1.15
0.34,0.35
6.9,0.58
9.8,0.66
7.11,1.72
9.04,1.48
1.44,1.78
1.93,0.62
4.15,2
9.15,1.04
8.56,0.74
0.93,0.61
7.85,1.91
8.05,1.65
3.94,0.59
6,1.47
1.43,1
6.33,1.05
7.51,1.6
7.07,0.35
2.89,1.99
7.18,1.97
2.93,0.99
2.72,1.66
5.16,1.85
7.59,1.53
7.8,0.75
7.53,0.51
5.06,1.23
1.58,1
0.07,0.46
2.28,0.4
6.59,0.51
1.32,0.9
1.71,1.56
3.66,1.63
6.53,0.36
1.48,1.89
4.7,1.35
1.57,1.94
4,1.71
7.26,0.47
0.99,0.93
1.45,0.82
8.97,0.53
5.26,0.95
3.4,1.59
5.18,0.99
7.51,0.36
9.89,0.66
4.18,0.41
0.82,1.6
7.3,1.37
2.44,1.17
2.27,1.83
8.74,1.13
8.16,1.53
0.41,0.89
5.98,0.49
0.5,1.74
4.63,0.99
4.8,1.85
1.81,0.42
6.76,1.7
6.17,0.56
6.46,1.43
9.86,0.99
4.89,1.06
8.85,0.73
3.45,1.74
8.4,1.57
4.8,0.56
1.03,1.09
6.84,1.73
2.82,0.86
8.1,1.62
10,1.06
8.34,1.09
1.11,0.6
0.12,0.67
3.6,1.75
0.79,1.07
3.37,1.04
4.14,1.19
9.62,1.95
5.55,0.77
3.27,0.45
9.13,1.06
8.11,1.25
9.78,0.86
3.84,1.43
5.05,0.8
0.45,1.39
3.1,0.62
9.34,0.69
0.24,0.83
2.93,0.99
8.07,0.51
4.56,1.62
3.98,0.62
4.81,1.97
3.64,0.64
2.01,0.41
2.65,0.91
1.72,0.89
7.29,0.35
5.71,1.73
1.85,1.4
2.74,0.52
1.05,1.91
1.69,0.7
3.78,1.54
4.39,0.82
7.66,0.81
3.62,1.26
6.26,0.51
1.22,0.61
1.03,0.87
3.9,1.2
0.18,1.91
4.8,1.06
9.8,0.68
2.85,1.23
5.28,0.69
3.06,1.71
2.45,1
3.21,1.16
3.56,1.94
1.64,0.91
1.37,1.81
4.69,1.55
1.69,1.24
1.53,0.42
2.09,1.92
8.66,0.89
3.67,1.39
0.88,1.19
7.28,1.13
6.3,0.43
5.02,1.5
5.36,0.84
8.85,0.53
0.78,1.73
9.65,1.89
2.75,0.55
1.91,0.42
3.37,0.95
7.09,1.19
5.14,0.62
8.12,1.08
6.35,1.26
3.09,0.5
5.08,1.23
8.05,1.31
1.67,1.23
4.96,1.88
5.17,1.33
9.51,1.59
0.37,0.47
9.81,0.45
3.37,0.66
8.18,1.81
7.39,1.13
3.46,1.49
5.62,1.12
4.07,1.33
4.69,0.71
4.17,1.57
1.23,0.36
8.75,0.44
3.53,1.43
8.46,1.19
9.28,0.63
3.98,1.92
2.29,0.8
2.57,0.73
8.45,1.25
6.65,1.2
9.39,0.75
7.2,0.67
2.41,1.07
7.67,0.74
5.67,0.62
4.05,1.51
9.04,1.95
0.67,1.91
1.67,1.15
1.96,0.71
5.55,0.34
3.16,1.58
0.19,1.27
8.76,1.33
3.46,1.65
8.28,1.92
1.34,1.65
3.95,0.93
3.56,1.62
1.52,1.71
0.49,1.22
8.13,0.83
6.15,0.68
4.21,0.69
7.35,1.35
2.37,1.03
1.94,1.16
4.37,0.74
0.97,0.86
0.18,0.8
6.91,0.39
2.62,1.44
8.78,0.44
6.68,1.2
4.53,0.8
3.97,1.44
4.78,1.05
8.2,1.56
5.11,0.94
5.67,0.38
9.95,1.9
3.23,1.84
3.54,0.38
7.72,0.9
8.9,1.25
8.87,1.7
0.93,0.42
9.3,1.09
8.62,0.45
0.66,2
3.48,0.3
7.36,1.05
5.37,1.46
1.28,0.87
2.65,0.33
8.47,0.7
9.41,0.52
6.02,0.75
7.34,1.78
7.55,1.4
9.24,1.32
0.13,0.55
5.13,1.35
3.32,0.35
7.61,0.96
8.15,1.61
2.14,0.71
3.03,0.64
7.82,0.94
5.32,1.46
1.95,0.95
0.91,0.79
5.87,1.15
8.18,0.85
6.18,1.59
7.12,1.89
7.74,0.53
1.93,0.92
9.38,1.41
4.19,0.76
2.24,1.09
9.01,1.52
2.07,0.37
9.3,1.18
3.71,1.82
4.86,1.63
1.23,1.51
8.68,0.71
3.45,0.45
1.86,1
8.86,1.25
9.23,0.47
2.92,1.77
8.5,1.73
5.07,1.72
3.51,1.63
3.97,1.11
4.32,1.66
1.86,1.54
5.61,1.02
8.45,1.6
3.92,0.54
6.87,0.88
9.09,1.61
7.51,1.74
0.96,1.22
7.86,1.55
4.51,1.07
3.55,1.13
9.33,0.36
6.01,0.57
0.32,0.86
1.81,1.23
0.84,0.59
4.9,0.45
9.27,1.05
4.88,1.58
6.46,1.68
6.92,0.69
6.51,1.14
4.97,0.54
4.22,0.53
2.57,0.63
1.79,1.73
3.18,1.99
2.91,1.84
2.03,1.44
8.18,1.12
3.41,1.3
5.77,1.19
5.74,1.66
7.76,0.4
1.53,0.41
8.7,1.69
2.26,1.28
6.49,1.88
5.83,1.25
5.45,0.87
6.77,1.41
2.89,1.12
8,1.76
3.37,1.23
1.56,1.32
5.14,0.58
1.32,1.08
5.23,1.31
7.6,0.74
1.19,0.74
5.56,0.41
8.59,0.57
9.32,0.77
3.19,1.02
7.3,0.65
3.26,1.79
2.53,0.89
2.62,0.65
2.42,1.15
0.95,0.36
0.4,1.24
4.61,0.86
5.69,0.72
5.9,1.49
2.8,0.33
3.14,1.34
1.62,1.96
3.49,1.61
4.74,1.57
5,0.96
7.16,0.83
2.37,0.63
0.19,1.53
4.98,0.46
4.4,1.13
5.51,0.95
7.66,1.99
6.42,1.34
5.19,1.5
4.7,1.82
5.01,1.67
0.67,1.99
5.83,0.55
9.4,1.31
1.05,0.54
7.43,1.44
2.35,1.7
0.95,0.69
9.95,0.86
8.48,1.84
5.81,1.63
7.1,0.94
3.66,0.65
0.74,1.33
3.72,1.14
4.67,0.46
9.43,1.56
7.72,1.71
0.53,0.97
5.99,2
6.34,1.71
1.5,0.33
0.37,1.28
4.96,1.38
9.95,1.29
4.79,0.77
3.12,0.3
1.23,0.87
1.57,0.84
1.22,1.21
9.66,1.63
7.7,1.99
0.24,1.66
7.31,0.73
5.47,0.74
7.84,1.28
0.48,0.75
8.8,0.59
7.88,0.86
7.07,1.46
4.07,1.03
0.42,1.15
8.4,0.76
5.33,1.18
1.94,1.8
9.11,1.37
6.28,1.45
9.81,2
8.76,0.63
1.22,0.49
9,0.37
6.17,1.87
8.49,0.42
8.83,0.34
5.41,1.3
4.41,0.55
2.04,1.24
4.32,1.68
4.11,1.2
1.95,1.93
7.34,0.81
6.04,1.99
1.56,1.7
2.33,1.77
4.32,0.84
3.03,1.71
3.39,1
5.14,1.89
7.6,0.47
4.86,0.92
8.61,1.06
4.97,1.09
5.74,0.32
0.42,0.88
7.31,0.75
9.29,0.47
3.01,1.48
8.78,1.8
8.12,1.33
8.92,1.27
3.56,1.19
9.83,1.99
4.42,0.85
1.11,0.77
4.2,1.46
4.34,1.16
4.97,1.49
5.47,0.72
9.18,0.42
3.09,1.59
3.74,1.87
5.98,0.39
8.79,1.73
3.76,1.89
3.95,1.7
3.38,1.31
9.5,1.43
1.37,0.89
7.33,1.72
2.38,1.5
1.22,1.25
4.52,1.69
4.98,1.77
3.61,0.55
6.17,0.31
6.88,1.71
3.06,0.93
7.62,0.85
6.2,0.59
1.29,1.5
1.85,0.37
3.85,0.56
7.27,1.52
3.69,1.5
6.62,1.31
2.64,1.52
6.54,1.87
5.79,1.14
7.23,0.35
5.34,1.76
4.5,0.91
0.35,1.07
2.42,0.92
5.09,0.37
0.28,0.81
2.74,1.29
3.17,0.58
5.41,0.32
8.62,0.77
7.79,1.98
8.63,0.55
1.67,0.42
6.95,0.39
5.5,1.06
4.52,1.26
5.43,1.72
6.12,0.72
9.12,1.77
3.42,0.44
2.85,0.46
4.53,1.69
4.11,0.76
1.51,0.9
7.53,0.8
1.28,1.83
3,0.48
6.92,1.05
0.94,0.77
6.78,1.14
6.79,0.94
7.43,1.86
3.47,1.99
2.32,1.5
0.59,0.44
4.27,0.9
6.41,0.46
5.83,1.89
4.8,1.32
7.9,0.7
8.8,1.63
0.24,1.11
8.83,0.91
5.47,1.07
5.24,1.32
9.73,0.6
0.99,0.45
0.38,1.3
9.6,0.35
1.7,1.61
2.68,0.84
5.51,1.73
4.17,0.49
0.41,1.02
6.51,0.85
2.39,1.03
3.9,0.31
8.8,1.04
2.82,1.27
4.54,1.45
1.76,0.67
1.2,1.54
3.63,0.73
4.83,0.66
1.67,0.83
0.44,1.08
0.96,1.6
2.63,1.08
2.31,1.94
0.36,0.82
9.54,1.89
8.3,0.51
6.55,1.5
6.62,1.77
4.38,0.55
2.11,0.58
8.35,1.84
9.62,1.3
0.51,1.73
0.82,0.91
6.38,0.5
1.52,1.64
9.95,1.67
3.01,0.84
4.92,0.43
7.91,0.4
1.98,0.47
8.53,1.76
8.28,0.36
3.69,0.79
7.48,0.7
2.25,1.32
0.14,1.97
9.44,1.9
10,1.85
9.18,1.5
0.97,0.68
5.42,0.32
5.36,1.35
3.59,2
2.4,0.98
1.98,1.71
9.27,1.43
8.07,1.89
7.49,1.73
9.74,0.82
4.09,0.53
6.02,1.96
1.16,1.08
4.78,0.37
6.11,1.46
3.96,1.32
7.41,1.03
2.26,1.4
0.18,1.28
1.91,1.88
1.9,0.3
0.19,0.87
3.15,1.62
0.94,1.95
7.36,0.88
8.05,1.14
1.6,0.83
5.64,1.36
7.58,0.72
8.56,1.71
0.93,1.84
4.12,1.94
1.91,0.59
2.1,0.92
6.51,1.2
5.35,1.51
1.61,1.36
8.45,1.69
5.78,1.79
6.71,0.76
1.6,0.44
0.38,1.34
3.29,1.76
0.29,1.03
8.87,1.53
8.41,0.56
6.06,1.83
8.54,1.35
1.57,0.32
2.21,0.61
8.49,0.94
6.79,1.19
6.88,1.16
8.08,0.65
3.04,1.8
3,1.87
8.22,0.68
8.87,0.89
4.51,0.83
7.89,0.47
6.61,0.94
2.43,0.62
7.26,1.86
9.96,0.55
6.45,0.34
3.65,1.83
0.27,1.51
2.98,0.73
0.37,0.97
