7.8,1.63
1.51,0.63
8.43,1.83
3.02,0.91
1.74,1.47
1.6,1.43
6.75,0.98
2.06,1.55
3.1,0.67
0.69,1.8
3.31,0.86
4.18,0.75
4.67,1.41
7.65,0.69
9.8,1.57
3.73,1.02
5.92,0.57
2.93,1.82
7.54,0.42
2.88,1.14
7.08,1.21
6.89,1.11
9.75,1.11
5.88,0.56
2.82,0.94
2.76,0.35
8.96,1.79
0.76,1.09
6.2,1.02
4.88,0.4
1.16,1.81
8.2,0.37
9.88,1.42
9.71,1.26
9.77,1.64
6.13,1.33
0.27,0.95
2.29,0.67
5.92,0.4
2.05,0.71
9.59,0.62
2.69,0.52
3.26,1.92
2.92,1.69
0.04,0.37
0.93,1.17
8.61,1.23
3.43,1.46
4.94,0.56
6.22,1.38
4.97,1.36
3.13,0.94
4.06,1.76
6.72,1.05
5.56,0.78
1.45,1.1
2.02,1.55
1.61,1.12
6.96,0.39
1.61,0.35
6.45,1.38
5.37,1.15
6.9,0.4
4.74,1.12
2.93,1.38
1.18,1.24
1.82,0.6
8.56,1.61
6.18,0.46
6.97,1.8
6.2,0.31
3.31,1.87
6.89,1.83
5.45,0.87
5.53,1.32
6.72,1.76
1.95,0.89
3.06,0.48
0.99,1.77
0.13,1.1
3.87,1.97
0.15,0.8
5.57,1.35
3.88,0.32
5.97,0.38
4,1.46
6.12,1.7
6.43,1.62
4.06,0.95
4.32,1.25
9.86,1.95
5.67,1.19
4.56,1.11
5.52,0.84
5.47,0.36
3.37,0.81
7.68,1.7
1.98,0.41
7.83,0.56
2.64,0.99
9.31,1.62
1.07,1.17
0.76,1.42
5.45,1.34
1,1.25
8.95,0.64
2.53,1.05
4.13,1.47
3.36,1.25
6.8,1.28
7.46,1.02
0.22,1.59
2.5,0.36
9.53,1.4
5.44,1.63
2.79,1.27
3.48,1.77
7.04,1.71
4.52,0.64
4.63,0.77
5.3,1.66
9.38,0.87
6.11,0.7
4.05,1.86
1.98,1.21
9.65,1.49
4.27,0.78
3.9,0.72
9.9,1.04
6.89,1.85
3.7,1.1
7.01,0.73
3.16,0.88
1.04,1.07
2.85,1.27
9.58,1.86
5.35,0.99
3.6,1.12
0.1,0.65
9.43,1.54
7.81,0.67
4.73,1.68
5.19,0.93
8.57,1.55
3.42,0.86
3.16,1.49
3.85,1.62
5.85,1.55
2.83,0.34
6.9,1.12
2.75,0.55
9.3,1.29
2.97,1.94
9.26,0.44
7.37,1.54
2.62,0.58
0.11,0.81
2.85,0.87
3.37,1.97
3.63,1.45
3.74,1.65
5.58,0.65
4.54,1.73
1.59,0.6
4.81,1.18
4.69,0.6
6.63,0.53
7.86,0.58
1.87,1.19
1.08,1.08
9.11,1.37
1.4,1.72
2.6,0.95
2.02,0.89
3.16,1.54
8.56,1.9
9.6,1.66
4.22,1.79
3.16,0.33
6.09,1.8
6.85,1.34
3.89,0.69
1.71,1.75
1.64,1.31
0.49,1.67
3.05,0.31
8.41,0.97
9.08,1.82
0.51,1.49
9.71,1.53
6.27,1.81
4.8,0.51
3.7,0.36
4.22,0.77
2.77,1.09
6.21,1.67
6.51,0.97
3.9,0.59
8.67,0.89
3.18,0.76
0.44,1.35
9.06,0.51
7.92,1.3
4.55,0.33
7.56,1.4
2.25,0.48
6.23,1.63
5.52,1.97
2.48,0.62
4.09,0.95
6.34,0.98
9.12,1.82
2.93,1.2
6.9,1.38
7.73,0.65
3.88,1.38
8.49,1.83
7.63,1.14
4.41,0.74
5.75,1.2
3.1,1.54
1.11,0.93
5.58,1.81
6.19,1.8
5.64,0.87
9.12,1.84
3.75,0.68
3.49,1.89
1.54,0.38
3.42,1.01
4.61,0.31
6.75,1.65
1.3,0.66
0.18,1.37
5.57,0.66
3.24,0.34
9.44,1
0.44,0.3
4.22,0.41
8.58,0.56
8.49,1.71
0.89,1.12
8.02,0.4
2.44,1.3
5.31,1.24
4.27,1.23
2.1,0.97
5.93,1.05
9.38,0.73
8.38,0.86
8.95,1.38
2.8,1.81
2.25,1.93
0.27,1
2.41,0.99
3.35,1.06
1.37,1.94
9.02,1.17
8.98,1.43
6.73,1
3.3,0.5
0.32,1.69
0.55,0.99
0.86,0.86
3.05,1.78
7.87,0.37
6.51,0.57
1.07,0.44
6.27,1.31
3.73,0.77
2.94,1.96
4.98,0.45
8.42,0.89
4.31,0.91
3.9,1.87
3.1,1.17
7.41,0.97
0.92,0.3
4.93,1.72
4.58,1.56
5.01,0.41
1.39,1.57
4.21,1.53
0.96,1.86
8.52,1.74
0.71,0.42
2.84,0.8
2.9,1
9.81,0.61
9.83,1.95
9.59,1.5
4.11,1.97
4.38,1.19
7.36,1.95
9.27,1.27
2.39,0.82
0.22,0.42
6.18,1.91
4.59,0.35
5.4,0.87
9.82,0.47
6.9,1.89
5.21,1.71
3.56,0.58
3.55,0.45
2.73,0.92
7.67,1.11
7.25,1.39
3.44,0.61
5.36,1.36
1.98,1.75
5.55,0.87
7.42,0.87
2.98,1.23
1.85,0.57
0.56,0.79
9.36,1.33
5.19,0.37
5.61,0.93
8.4,1.02
0.98,1.41
3.66,0.67
5.78,1.76
0.59,0.57
6.4,0.48
0.47,0.61
5.84,1.55
7.41,1.72
4.29,1.82
3.21,2
2.52,0.31
0.28,1.83
4.86,0.61
4.05,1.93
5.11,1.57
4.64,1.4
3.41,0.86
3.84,1.86
8.26,1.58
6.66,0.35
3.16,0.69
5.39,1.53
8.76,0.54
5.87,1.19
9.63,1.14
3.37,0.7
7.99,1.4
9.96,1.81
6.05,1.3
8.71,0.73
4.23,1.44
4.41,0.68
2.49,1.35
6.18,0.58
7.33,0.92
4.67,1.69
2.13,1.51
8.06,1.82
6.51,1.6
0.94,1.75
3.1,1.48
7.52,0.77
4.23,1.13
7.83,1.73
3.28,1.92
3.43,0.47
7.99,0.67
8.62,0.41
5.07,1.88
7.58,0.92
5.23,1.68
0.47,0.54
5.98,1.33
8.76,1.92
6.16,0.5
7.81,1.33
9.15,0.61
1.28,0.94
2.67,1
9.41,0.57
5.59,1.86
0.82,1.54
4.36,0.51
4.39,1.78
4.53,1.03
1.34,1.17
3.8,1.28
2.42,0.98
9.7,0.99
7.12,0.64
0.76,1.6
4.87,1.85
6.6,1.74
3.65,0.92
0.51,1.3
6.22,1.82
8.52,0.7
7.23,0.54
3.67,1.73
3.03,1.78
5.29,1.55
5.74,1.09
2.91,1.03
7.89,0.57
0.02,1.51
8.98,0.64
7.06,1.39
1.62,1.32
7.46,0.86
9.07,0.7
5.57,0.46
5.37,0.5
6.9,1.64
8.31,1.63
3.33,0.88
4.56,1.73
8.66,2
6.39,1.2
0.04,1.28
6.12,1.37
3.69,1.22
3.9,1.07
1.02,1.13
7.65,1.05
6.04,1.98
5.58,0.35
4.33,1.59
3.82,0.47
4.47,1.11
1.12,1.23
7.94,1.07
5.1,1.22
6.26,1.32
6.49,0.92
8.85,1.29
7.85,1.89
5.24,1.3
0.06,1.76
0.49,0.51
7.44,1.92
8.79,1.09
8.71,1.69
3.11,0.4
5.33,1.79
6.47,0.87
4.7,1.94
1.65,0.8
5.91,0.34
8.51,0.51
4.02,1.97
3.48,1.93
9.72,0.89
6.8,1.3
3.96,1.58
2.88,0.75
3.83,0.31
2.59,1
0.96,0.33
4.44,1.32
1.51,0.94
0.76,0.31
6.63,1.65
9.33,1.23
8.21,0.62
0.21,1.98
4.44,0.49
1.87,1.07
1.26,1.32
6.28,1.74
2.39,0.68
2.87,0.78
0.35,1.74
5.81,0.97
9.25,1.35
2.16,1.28
4.25,1.4
8.8,0.95
5.08,0.85
8.84,1.93
7.83,0.61
9,0.74
2.86,1.21
1.1,0.39
9.56,1.32
5.99,0.36
4.2,1.25
3.77,0.65
8.87,0.63
3.38,0.5
1.19,0.31
9.39,1.08
8.33,1.62
4.14,1.96
3.84,1.59
9.65,0.33
2,0.48
1.35,1.04
4.12,1.64
2.94,1.75
8.67,1.7
8.2,0.68
7.62,0.35
7.32,1.9
9.31,0.64
1.24,1.49
3.04,0.44
9.2,0.58
0.02,1.31
5.86,1.67
9.72,1.71
3.13,1.18
7.38,1.9
1.61,0.89
3.85,0.33
1.12,0.84
0.03,1.47
7.77,0.51
0.99,0.96
1.24,1.05
9.65,1.98
8.88,1.25
5.39,0.65
4.48,0.48
9.68,0.59
3.63,0.75
3.37,1.58
8.12,1.84
9.28,1.3
1.91,1.21
4.13,1.36
7.78,1.4
9.31,1.55
5.79,0.52
9.44,1.8
1.72,1.02
2.98,1.01
4.96,1.89
7.48,1.13
1.22,1.04
2.92,1.73
6.6,1.1
0.99,1.74
5.48,1.77
6.67,1.46
2,1.37
5.89,0.57
7.86,1.09
3.76,0.69
3.19,0.48
7.92,0.36
6.15,0.57
0.85,1.89
8.99,1.38
1.46,1.19
4.67,1.16
0.64,1.05
1.13,1.52
5.83,1.84
0.64,0.32
5.42,0.34
5.68,1.01
7.84,0.35
6.44,0.7
3.48,1.66
8.05,1.45
6.32,1.04
1.4,0.79
4.47,0.77
0.3,1.07
9.31,0.4
0.06,1.98
7.97,0.92
9.09,0.38
9.19,0.55
3.74,1.14
9,1.98
4.14,0.65
7.08,1.42
0.02,1.92
7.2,1.31
0.5,1.3
4.76,1.66
2.84,0.62
3.66,0.89
9.91,1.86
6.25,1.74
1.68,1.49
4.32,1.42
9.8,0.5
0.37,0.55
2.23,1.44
8.71,0.5
4.07,0.88
7.14,0.9
7.01,0.56
6.72,1.88
8.71,0.47
5.75,0.48
4.54,0.53
2.63,0.95
7.58,0.94
0.24,1.31
7.62,0.6
8.21,1.66
6.33,1.57
2.78,0.68
0.77,1.85
7.14,1.51
3.28,1.03
6.73,1.63
9.94,0.35
8.66,1.55
6.48,1.96
9.99,1.57
6.23,1.63
4.79,1.84
2.77,0.53
6.75,1.84
9.83,1.12
7.62,1.07
7.28,1.31
7.85,0.54
4.22,1.15
4.17,1.81
6.7,0.86
7.59,1.75
9.11,1.02
6.58,1.83
3.19,1.07
7.1,1.71
5.69,1.06
9.64,1.75
8.22,1.5
8.87,1.85
6.86,0.56
4.65,1.21
9.74,1.4
5.07,1.61
5.75,1.16
1.36,1.13
6.6,1.23
3.55,0.31
0.44,0.54
2.78,0.91
4.74,1.11
5.81,0.85
4.64,0.55
8.01,1.63
1.8,1.38
8.88,1.5
9.55,1.02
3.49,0.33
7.22,1.55
7.54,1.56
7.47,0.42
2.95,1.22
8.95,1.09
5.44,0.54
6.53,1.8
7.78,1.06
6.1,1.26
4.18,0.54
0.6,0.9
2.54,0.92
9.76,1.01
0.65,0.62
4.63,0.67
9.1,0.76
5.42,0.34
0.88,1.43
2.14,0.44
2.17,1.45
4.21,0.79
9.6,1.95
2.7,0.49
7.19,1.56
6.51,1.52
0.88,0.31
6.45,0.34
6.08,0.43
5.21,0.62
7.78,0.49
9,1.4
4.49,1.3
2.79,0.33
4.48,1.89
6.31,0.33
2.92,1.3
8.27,0.63
6.64,1.94
4,1.09
7.81,1.45
6.8,0.81
9.88,1.9
0.29,0.67
7.06,1.8
6.8,1.29
7.73,1.48
7.37,1.82
0.16,1.35
9.65,0.63
3.18,1.75
0.4,1.77
7.37,0.87
4.83,0.86
1.88,1.54
7.66,1.29
7.45,0.46
9.85,1.52
9.97,1.39
6.38,1.63
9.56,1.53
0.24,0.9
8.89,1.83
2.22,0.65
2.82,1.78
1.37,1.18
9.88,1.39
8.84,1.91
7.43,0.61
9.52,1.15
6.94,0.35
0.89,1.34
7.07,1.24
3.62,1.57
4.22,1.83
6.79,0.32
4.67,0.58
1.42,0.4
8.31,1.13
8.44,1.12
1.38,0.65
2.95,0.37
2.56,0.98
0.68,1.23
6.38,1.59
5.97,0.81
8.15,1.73
6.48,1
4.35,0.7
9.27,0.99
2.12,0.31
2.77,0.39
6.9,0.42
9.1,0.65
9.3,0.97
6.29,0.67
3.45,0.33
8.18,0.5
6.63,0.91
5.82,1.03
0.61,0.88
3.59,0.81
6.83,1.87
7.11,0.8
0.48,1.05
1.94,0.47
6.26,1.79
6.31,0.53
4,1.35
0.09,0.68
1.47,0.72
5.16,0.44
0.61,0.73
7.19,1.04
6.27,1.38
8.09,1
2.23,1.29
1.45,1.24
6.15,1.01
5.9,1.51
3.11,0.33
5.42,1.33
9.75,1.58
3.88,1.23
7.73,1.77
4.52,0.54
1.97,0.46
2.29,1.87
7.51,0.4
4.22,1.27
6.48,0.77
3.12,1.06
6.44,1.78
0.19,2
0.28,1.76
6.46,0.64
2.53,1.37
0.96,1.33
5.51,1.97
7.79,0.84
7.28,0.38
0.31,0.82
5.27,0.97
8.93,1
9.92,0.72
2.71,1.14
5.77,1.73
4,1.09
9.77,0.72
7.62,0.96
1.98,0.34
5.1,0.36
3.93,1.24
3.16,0.85
1.54,1.25
7.28,1.58
7.69,1.2
8.41,1.32
5.47,0.71
0.8,1.48
6.1,1.3
9.27,1.68
7.34,1.78
0.09,1.85
7.24,0.4
7.54,0.67
7.31,0.47
8.8,1.71
0.4,0.95
3.33,0.66
9.53,1.47
2.55,1.33
0.49,1.39
2.45,0.74
3.64,1.12
6.61,0.57
2.39,1.83
3.86,1.76
7.1,1.6
1.31,1.81
5.71,1.64
6.2,1.88
7.39,1.61
7.82,0.48
0.17,1.68
2.37,0.78
3.35,0.59
0.27,1.68
5.3,0.56
2.69,1.27
7.4,0.51
6.1,0.51
0.24,1.58
2.61,2
6.92,1.21
9.54,1.18
5.17,1.16
0.32,0.39
1.45,1.52
4.8,1.83
5.4,0.87
5,1.71
0.52,1.25
3.27,1.13
4.33,0.94
7.52,1
6.52,0.89
0.73,0.33
2.84,1.82
5.48,0.49
9.52,1.52
3.81,0.72
8.24,0.61
0.59,2
2.24,0.96
8.25,1.16
6.35,0.68
3.21,0.45
5.76,2
5.46,0.31
8.4,1.56
9.97,1.24
3.22,1.58
3.54,1.05
8.32,0.86
5.84,1.82
5.48,0.52
8.45,0.4
8.91,0.38
7.69,1.58
6.13,1.25
2.27,0.95
3.03,0.49
8.47,0.46
4.3,0.79
7.38,1.7
7.85,1.15
3.34,0.65
2.46,0.68
1.7,0.93
9.09,2
3.29,1.77
8.94,0.61
4.74,1.21
4.98,0.52
2.63,1.13
5.91,1.04
2.13,0.81
5.53,1.36
4.12,0.76
5,1.21
4.04,0.98
8.57,0.62
0.28,1.85
6.71,1.45
4.51,1.65
7.97,1.39
7.32,1.48
3.71,1.4
4.23,1.37
8.33,1.65
8.25,0.73
5.49,0.94
4.86,0.61
7.28,0.31
5.28,0.46
0.39,1.65
8.45,0.52
3.57,0.67
2.71,1.45
9.41,1.24
0.12,1.93
9.48,1.21
9.04,1.75
1.16,0.87
9.6,0.98
8.81,0.97
4.2,1.53
3.14,0.69
0.28,1.89
5.38,0.63
2.84,1.91
5.65,1.52
6.33,1.28
6.21,0.48
0.47,1.78
0.92,0.37
4.84,1.12
9.09,2
5.92,1.64
7.64,0.61
4.77,0.35
9.91,1.32
7.07,1.94
7.96,0.45
0.55,0.3
7.62,0.31
9.16,1.51
2.68,0.77
4.55,1.86
8.77,1.76
5.42,0.67
2.88,1.95
2.4,1.26
8.88,1.55
4.02,0.48
0.16,0.61
5.18,1.05
9.92,0.52
3.31,0.54
1.39,0.89
5.17,1.3
3.53,1.54
2.22,1.98
7.21,1.42
9.15,0.58
4.15,1.96
7.39,0.99
3.69,1.81
6.77,0.66
1.79,1.46
2.26,1.3
3.23,0.89
7.94,0.72
9.01,1.98
0.49,0.67
9.82,1.18
9.03,0.45
5.94,1.51
5.08,1.92
1.36,1.7
7.09,1.77
2,1.25
6.74,1.6
4.44,1.9
3.19,1.5
4.93,0.86
8.35,0.41
3.17,1.56
0.52,0.96
7.24,0.8
5.49,1.45
2.08,1.03
7.63,0.49
9.48,1.44
7.61,0.78
8.27,1.59
0.35,1.06
6.02,1.99
5.08,1.53
4.67,1.89
6.7,1.4
3.73,0.71
4.84,1.9
8.09,0.77
8.97,0.66
8.72,1.13
2.26,1.61
0.91,0.7
9.02,1.51
5.95,1.51
8.18,0.34
5.15,0.44
9.05,1.83
8.38,1.53
6.18,0.63
3.12,1.56
3.22,1.72
0.13,1.86
0.99,0.63
9.42,0.82
7.45,1.95
2.5,1.18
9.35,1.05
4.61,0.48
2.08,0.98
4.08,0.96
4.04,0.75
2.11,0.94
3.35,0.63
5.24,1.13
0.28,1.79
0.01,1.12
8.97,0.71
2,0.78
8.17,0.8
1.12,1.15
7.35,0.97
9.94,0.44
4.65,1.44
1.1,1.61
1.7,0.93
7.56,0.6
3.11,0.72
8.14,1.82
1.99,0.56
1.46,0.58
4.85,0.92
6.05,1.77
7.49,1.76
3.45,1.72
4.12,0.64
5.87,1.07
7.14,0.9
3.34,0.36
1.18,0.47
1.3,1.45
1.78,1.11
1.24,0.5
3.7,1.74
7.38,0.59
8.56,1.29
1.85,1.82
3.79,1.76
8.04,0.76
7.41,1.87
3.84,1.53
2.37,1.26
1.47,1.99
0.79,0.48
1.37,0.41
5.28,2
3.48,1.99
4.54,1.57
0.76,1.73
0.73,0.39
6.63,1.42
5.98,1.46
8.21,1.81
0.16,0.4
6.96,1.99
8.33,1.07
3.5,1.2
3.58,0.51
5.27,1.65
7.23,0.99
8.65,1.29
4.21,0.32
2.15,0.55
2.77,1.69
6.83,0.53
1.91,0.86
7.92,0.92
0.45,1.39
1.18,1.56
9.14,0.56
8.15,1.28
6.85,1.65
2.56,1.97
3.66,1.96
2.22,1.39
5.03,1.36
4.38,1.25
0.52,1.67
8.42,0.97
3.95,1.94
3.46,1.29
3.1,1.35
3.44,0.93
2.42,0.32
3.31,1.51
6.79,1.94
2,0.73
6.97,1.82
7.2,0.6
9.79,1.54
3.21,0.45
6.15,1.9
9.73,1.29
4.17,1.18
5.28,1.32
6.82,0.94
2.96,1.08
7.05,0.49
5.28,1.46
4.82,0.98
8.61,1.3
9.89,0.81
2.43,1.16
7.01,1.38
6.93,0.77
9.75,1.9
3.08,1.58
4.13,0.49
6.18,0.44
6.43,0.93
4.27,1.35
3.92,0.49
2.51,1.72
3.95,1.05
2.42,0.88
1.02,0.31
4.99,1.72
5.35,0.73
2.33,1.71
9.49,1.42
6.87,0.73
2.22,0.52
3.83,1.49
5.9,1.54
7.51,0.68
4.41,1.24
6.33,1.6
3.57,1.72
6.6,1.36
9.52,1.23
5.68,0.94
1.17,1.41
2.79,0.85
6.47,1.88
0.06,1.63
8.45,0.61
7.61,1.65
4.45,1.67
2.81,0.61
6.1,0.88
5.71,0.87
8.31,0.61
3.9,1.5
6.47,1.88
0.35,0.81
6.15,1.64
9.76,0.86
3.48,1.98
7.15,1.06
0.97,0.38
7.46,0.45
3.64,1.61
7.6,1.53
0.54,1.76
8.87,1.99
9.67,1.23
1.06,1.94
5.2,1.79
4.09,1.86
5.07,1.75
8.22,0.78
7.48,0.97
1.68,1.44
7.04,1.65
0.71,1.36
4.43,0.5
5.31,1.23
8.59,0.65
2.48,1.46
9.99,0.79
1.63,0.56
0,1.83
0.88,0.34
9.53,0.49
7.84,1.94
4.78,2
6.71,0.35
4.88,1.38
0.68,0.68
5.26,0.93
7.18,0.83
9.13,1.08
7.35,1.93
1.66,1.05
6.23,1.03
6.1,0.64
7.64,0.44
0.57,0.56
3.44,1.54
5,1.53
5.3,1.71
2.53,1.8
3.27,1.36
9.21,1.97
2.41,1.18
0.06,0.63
6.69,0.78
1.6,1.99
0.91,1.8
5.79,0.62
6.99,1.54
6.14,1.52
6.85,1.88
7.33,0.55
5.45,1.45
3.06,1.63
3.41,1.85
3.11,1.92
4.33,1.84
2.09,0.82
5.33,0.37
2.04,1.43
2.13,1.65
7.23,0.91
7.01,0.86
0.26,0.69
1.39,1.33
5.25,0.9
0.39,1.86
7.34,0.5
8.63,1.27
4.07,0.94
3.31,1.6
0.18,1.78
6.34,1.97
4.12,1.39
2.95,1.52
3.08,1.25
7.86,1.91
4.8,1.97
0.77,0.79
1.86,1.93
4.37,0.41
6.66,1.79
1.53,1.7
6.13,0.76
7.9,1.3
3.24,1.79
9.77,1.64
3.27,0.82
5.12,0.5
6.64,1.21
5.64,1.1
4.28,0.57
2.85,1.1
9.45,0.63
7.44,1.99
8.5,0.92
7.31,0.53
9.68,0.35
1.08,1.67
4.71,1.74
1.38,1.86
4.79,1.09
6.18,1.31
2.31,1.06
4.7,1.35
3.68,0.58
6.38,0.64
4.72,1.71
8.65,1.78
2.88,0.65
1.24,0.91
0.9,1.9
7.94,1.3
9.89,1.81
0,0.95
6.6,0.83
7.19,0.32
7.17,1.95
6.41,0.79
2.65,0.96
6.8,1.77
4.47,0.78
1.34,1.19
6.93,1.95
9.06,0.67
3.1,0.43
5.23,1.63
0.94,0.58
7.44,0.49
5.24,0.93
2.17,1.3
1,1.52
3.59,1.04
0.52,1.9
9.06,1.02
8.62,1.41
0.01,1.08
9.96,1.69
5.12,1.56
9.02,1.64
0.6,0.9
1.68,1.27
1.91,1.05
1.69,1.57
0.4,0.51
0.57,0.75
4.22,1.7
5.46,0.71
8.34,0.41
0.69,1.71
5.4,1.03
5.77,0.88
2.87,0.87
1.74,0.52
1.41,1.28
4.65,1.17
1.8,0.72
2.08,0.35
4.35,1.27
1.08,1.35
5.13,0.98
7.31,1.64
5.03,0.47
9,0.65
5.6,1.12
0.34,1.36
4.31,0.89
6.42,1.53
6.8,1.96
2.89,1.72
4.53,1.7
8.46,0.73
0.32,0.86
2.1,0.93
4.07,0.31
3.56,0.5
8.85,1.94
2.57,0.34
7.6,0.71
0.76,1.97
1.99,0.59
1.31,1.52
6.01,1.73
5.85,1.99
5.27,0.46
4.74,1.02
4.64,1.63
9.42,0.93
2.65,1.35
6.71,1.37
8.61,1.16
5.11,0.36
2.48,1.72
8.27,1.71
9.84,1.33
5.59,1.92
5.87,1.32
6.25,1.78
8.21,1.78
2.63,1.12
7.54,1.43
9.22,1.2
8.16,1.8
9.01,0.45
6.11,1.65
9.54,1
2.2,0.7
3.51,1.94
8.85,1.22
2.08,1.41
3.63,0.46
4.92,0.54
9.19,0.52
5.94,0.33
2.46,0.61
2.09,1.17
3.67,1.73
3.83,1.07
2.34,0.6
4.8,1.4
6.7,2
5.96,1.44
6.94,1.45
6.97,1.93
0.05,1.8
7.39,0.83
6.86,0.66
3.56,1.98
8.48,0.43
5.28,2
9.38,1.73
3.84,1.55
9.07,0.82
8.4,1.33
8.19,0.74
8.08,0.93
4.21,0.98
1.17,1.37
4.54,1.54
4.39,0.54
6.78,1.8
9.74,0.46
9.63,0.82
3.22,1.5
3.09,0.95
3.69,0.55
2.71,0.83
1.34,0.93
1.59,1.45
6.83,1.09
3.38,1.07
2.43,1.9
1.04,1.52
2.66,1.03
9.62,1.49
1.01,1.08
6.59,1.25
5.8,1.84
2.74,1.57
8.14,0.43
9.72,1.31
4.43,1.44
7.59,1.55
8.92,0.82
5.37,1.55
7.18,0.9
6.88,1.8
4.63,0.99
4.88,1.76
2.58,1.87
0.03,1.05
6.5,1.65
4.08,0.99
5.55,0.54
1.02,0.66
0.43,1.61
0.98,0.84
4.33,0.52
3.72,1.97
2.78,1.75
6.27,1.05
6.09,0.39
1.89,0.8
4.24,0.65
9.05,1.63
1.12,1.91
2.13,0.51
1.02,0.99
8.65,1.37
0.65,1.59
4.34,0.89
3.17,1.6
0.94,1.27
8.19,0.99
8.17,0.68
8.09,0.36
2.96,0.38
8.18,1.29
9.16,1.5
0.74,0.35
0.15,0.53
8.82,0.63
9.08,0.6
1.65,0.41
0.21,0.97
6.91,0.9
3.1,2
1.78,0.82
7.66,1.46
1.44,0.8
0.85,1.67
1.31,1.77
2.07,0.81
5.75,0.49
7.86,1.37
6.59,0.84
3.29,1.78
8.11,0.83
2.16,1.01
9.39,1.12
8.09,0.32
3.95,1.82
3.44,1.37
3.53,1
1.19,1.59
7.84,1.31
3.42,1.43
1.55,0.97
6.36,0.55
5.94,0.45
4.95,1
8.16,1.37
8.44,0.42
4.7,0.38
5.13,0.85
4.35,2
1.5,0.54
8.79,0.95
8.82,0.98
4.91,1.33
4.76,1.54
5.97,0.76
0.39,0.6
4.47,2
6.89,1.26
8.59,0.35
3.43,1.07
6.03,1.06
4.46,1.99
4.58,0.57
9.71,1.96
1.47,0.83
9.93,1.53
2,1.17
9.27,1.73
5.98,1.94
5.98,0.94
4.68,1.37
4.33,0.33
1.77,1.45
7.35,1.19
6.04,1.42
7.8,0.38
2.24,0.57
5.07,0.87
0.74,1.21
1.77,0.49
8.87,0.94
6.49,1.31
5.94,0.75
9.1,1.98
0.28,1.65
8.93,0.78
8.19,1.2
4.36,0.8
4.67,0.98
7.06,1.71
3.41,1.11
0.44,1.17
4.66,1.21
7.94,0.98
3.22,1.73
8.5,1.05
1.93,1.25
0.08,1.36
2.98,0.3
1.67,0.72
6.94,1.72
5.68,0.38
3.22,1.86
7.22,0.84
8.34,1.07
0.95,1.77
2.31,1.32
5.04,1.79
9.72,1.79
0.54,1.62
6.45,1.2
2.34,1.57
7.08,0.76
4.64,0.93
4.03,0.82
4,0.89
9.38,0.47
7.8,1.41
1.72,0.42
9.65,1.43
0.92,1.67
8,0.81
8.94,0.45
4.44,0.94
6.08,0.7
8.71,0.45
3.41,0.67
8.09,0.99
4.57,1.33
0.56,1.38
3.27,0.56
3.85,1.6
1.67,1.96
8.39,1.87
2.65,0.9
8.47,0.9
4.02,1.86
1.74,1.93
3.14,1.3
6.51,1.89
1.58,0.33
8.98,1.1
8.91,1.11
3.22,1.03
9.06,1.5
2.21,0.39
3.75,0.44
7.28,1.2
5.72,1.12
2.34,1.36
7.07,1.38
3.95,1.67
9.46,1.22
2.86,0.39
6.63,0.82
8,0.88
6.65,0.65
8.56,1.04
5.13,1.05
8.75,1.55
9.36,0.77
0.91,0.68
7.59,1.94
6.12,0.87
8.03,1.72
9.36,0.88
0.31,0.62
6.62,1.5
4.29,1.97
4.86,0.58
4.86,1.66
8.34,0.52
7.93,0.31
1.86,1.23
1.69,1.78
6.84,0.62
7.92,1.59
5.94,1.51
1.46,1.81
0.32,1.93
0.7,1.74
7.81,0.77
1.22,1.29
6.66,1.67
3.56,0.89
4.38,0.91
5.56,1.57
8.5,0.95
1.68,0.86
7.96,1.21
9.55,0.58
4.4,1.69
9.89,1.64
3.08,1.82
9.39,0.62
6.05,0.45
1.49,0.79
0.17,0.61
4.64,1.14
6.43,1.01
9.48,1.45
7.97,1.07
0.91,0.56
8.59,1.68
0.94,1.89
0.19,1.5
0.84,1.57
1.73,1.88
4.09,0.82
6.59,0.67
7.37,1.94
9.39,0.91
8.44,1.83
5.17,0.9
0.5,0.77
5.51,1.67
0.61,1.37
2.02,1.35
0.26,0.91
8.47,0.36
1.88,0.34
0.72,1.87
7.93,1.53
9.93,1.32
0.42,1.82
3.79,0.7
9.04,1.01
7.57,1.97
1.06,0.53
1.94,1.32
9.83,1.21
7.52,1.24
4.92,0.36
9.87,1.91
1.05,0.97
9.42,1.43
7.66,1.18
9.41,1.54
5.45,1.3
0.67,1.89
8.63,1.98
0.6,1.12
1.46,1.22
7.65,1.67
4.42,0.69
0.33,1.52
7.83,0.43
6.29,0.67
4.33,1.85
6.1,1.35
3.28,0.87
5.61,1.95
9.92,1.99
3.66,1.13
0.58,1.41
2.33,1.7
4.87,0.93
8.62,1.23
3.44,0.67
6.18,1.39
3.77,1.17
3.3,0.48
3.4,1.02
8.86,0.51
8.41,1.25
1.7,0.84
2.67,0.39
6.59,1.38
6.6,1.77
3.17,1.16
9.45,1.19
4.33,1.66
6.97,0.38
2.18,1.75
6.48,1.08
3.33,1.68
6.64,0.62
7.35,0.89
3.17,0.46
6.3,0.82
8.53,1.56
2.08,1.17
2.06,1.18
0.43,0.72
2.33,1.72
7.54,0.42
3.89,0.68
3.55,1.19
4.26,1.29
8.59,0.64
4.28,1.99
6.51,1.79
7.57,0.53
3.65,1.38
1.45,1.28
9.3,0.81
5.19,0.53
1.59,1.62
3.96,1.52
9.03,1.26
4.91,0.38
3.98,1.01
0.52,0.41
6.09,1.36
9.74,1.37
1.47,0.31
1.21,0.87
6.41,1.15
7.2,0.31
1.72,1.43
3.91,0.34
4.05,1.52
9.95,1.47
7.76,0.99
4.85,1.29
4.28,0.85
6.04,0.43
1.26,1.83
3.74,1.66
8.43,1.69
9.4,0.85
6.35,0.98
8.49,0.69
4.63,0.63
1.92,0.36
5.33,1.27
5.55,1.41
1.33,0.5
7.78,0.36
5.33,1.89
5.37,1.26
5.44,1.14
9.79,1.66
7.22,0.35
7.14,0.6
1.7,0.32
3.06,0.34
8.68,1.06
2.44,1.83
4.24,0.56
2.22,0.59
5.3,0.41
9.69,1.27
2.86,0.3
7.6,0.7
2.06,1.24
4.44,1.83
9.06,1.34
7.88,0.59
9.17,0.89
5.23,1.91
2.49,1.37
3.92,1.96
0.54,1.37
9.64,0.85
6.76,1.6
5.69,1.75
1.58,1.35
4.83,1.05
8.33,1.91
6.09,0.31
5.43,1.27
9.63,0.85
5.93,0.81
1.59,0.99
3.2,0.84
0.5,1.86
3.23,0.98
1.77,1.1
6.96,0.41
1.58,0.65
0.17,1.42
5.37,1.09
7.62,1.76
8.11,1.92
7.83,0.71
0.44,1.58
5.57,0.49
0.97,1.77
4.16,1.82
7.46,1.53
2.33,1.41
3.94,0.84
6.88,1.75
1.35,1.37
5.43,1.24
5.45,1.85
8.64,1.15
7.01,1.48
6.79,1.65
0.34,1.94
0.43,2
2.42,0.94
8.79,1.16
5.74,1.67
5.14,0.95
8.3,1.39
4.77,1.85
6.97,1.06
4.64,1.31
1.42,0.85
9.44,0.75
4.18,0.49
4.9,1.2
6.32,1.26
1.35,0.51
7.83,0.46
1.43,1.51
1.04,0.7
7.73,1.02
2.92,1.98
0.62,0.8
2.42,1.98
3.43,1.35
8.14,0.98
1.26,1.43
2.6,1.94
0.29,1.35
3.36,0.64
3.82,1.61
3.12,0.8
5.02,1.39
9.11,0.47
0.22,1.5
2.92,1.25
0.19,1.33
3.37,1.56
7.43,0.91
8.13,1.46
8.3,1.91
9.18,1.02
5.3,1.68
4.26,0.96
1.13,0.69
1.9,1.03
0.58,0.75
5.8,1.47
8.26,1.75
4.35,2
2.27,1.05
5.41,0.5
1.51,1.21
0.67,1.48
4.91,0.41
9.26,0.91
7,1.97
4.91,1.34
9.56,1.28
1.14,1.71
3.39,1.91
3.75,0.56
0.77,0.51
9.7,1
3.24,0.46
9.82,0.3
3.12,0.87
2.99,1.59
6.85,1.9
2,0.76
5.05,0.97
5.57,1.3
0.04,0.8
6.47,1.86
6.44,0.78
2.3,0.41
3.14,0.43
7.41,0.45
2.74,1.26
6.92,0.88
0.4,1.8
9.82,0.94
0.36,1.78
6.34,0.62
1.12,1.03
6.18,1.87
0.67,1.63
2.7,1.93
0.16,1.42
3.78,1.27
9.62,1.79
9.96,1.77
0.62,1.11
1.14,1.49
7.04,0.3
4.34,1.13
4.77,1.95
7.77,1.91
2.9,1.4
3.71,0.7
0.06,1.4
2.16,1.61
7.56,1.28
4.79,1.14
7.47,1.4
4.22,1.8
1.45,1.43
4.59,1.26
3.01,1.7
6.48,0.34
9.82,0.47
2.64,0.47
9.42,0.98
2.88,1.7
9.47,0.75
5.53,1.83
8.82,0.72
3.16,1.45
8.37,0.4
7.59,1.81
6.67,0.67
5.45,1.23
6.97,1.97
4.28,1.69
1.86,1.46
3.46,0.49
6.05,0.3
0.01,0.77
7.81,1.32
6.35,1.81
8.64,1.91
1.39,0.84
7.8,1.43
2.59,0.66
3.84,0.74
9.43,1.22
1.59,1.45
1.27,1.96
9.84,1
9.86,1.29
5.68,1.43
9.51,2
3.92,1.78
6.38,1.85
2.81,1.17
1,0.6
6.63,0.79
2.1,0.34
3.31,1.48
0,0.94
7.66,0.68
0.76,1.38
0.79,1.42
2.37,1.77
4.49,1.74
8.72,0.77
8.4,0.65
3.69,1.74
5.87,1.65
0.47,1.57
1.32,1.43
2.84,1.32
7.65,0.46
2.69,0.36
7.82,0.3
6.37,1.11
0.88,0.3
9.73,2
1.26,1.84
6.61,1.45
7.55,0.83
0.37,1.2
7,0.75
5.01,1.27
1.12,1.08
4.21,0.62
9.61,1.09
3.68,1.08
2.51,0.94
7.16,1.8
8.66,1.88
9.18,0.78
9.53,1.78
2.02,0.75
1.21,0.35
9.1,0.42
2.47,0.75
6.09,0.54
7.08,1.24
3,1.49
3.74,1.69
8.96,1.41
7.5,0.94
2.4,1.25
0.78,1.39
5.61,1.03
7.24,1.07
7.55,1.96
5.34,1.78
7.6,0.84
5.13,0.52
9.4,1.68
4.68,1.58
2.54,0.97
4.86,1.71
1.09,1.7
8.54,1.12
9.87,0.74
8.74,1.5
8.95,1
7.06,0.81
1.4,0.51
0.18,0.7
8.19,1.37
3.1,1.56
2.35,1.72
1.97,0.37
6.41,1.14
2.08,0.75
0.26,1.2
8.32,1.75
9.21,2
4.11,1
9.18,1.33
4.75,1.1
3.33,0.74
2.25,1.26
4.31,1.09
3.52,1.12
3.27,1.18
8.08,0.64
2.13,1.89
3.03,0.88
6.51,1.01
3.73,0.3
3.11,1.32
0.9,1.97
9.04,1.47
1.09,1.12
2.66,1.11
5.64,1.05
0.74,0.96
6.25,1.49
2.31,1.69
2.44,1.44
7.12,1.11
1.11,0.42
7.06,0.82
8.1,0.68
5.67,0.5
1.7,1.76
4.59,1.75
9.74,1.64
3.99,1.44
4.25,0.53
1.14,2
6.36,0.55
9.87,0.68
1.98,0.32
6.15,1.48
8.75,1.4
5.83,1.72
8.06,0.81
1.73,1.58
2.37,0.42
0.49,1.77
4.24,1.33
1.18,0.49
9.87,1.92
9.59,1.02
4.56,0.42
8.99,1.24
3.51,1.52
8.35,1.67
6.4,1.04
9.85,1.27
9.07,1.34
5.98,1.82
2.13,1.72
5.43,1.52
6.39,1.97
5.02,1.6
2.35,1.22
5.43,0.5
5.52,1.28
5.31,1.35
8.82,1.36
2.98,1.83
9.66,1.05
1.19,1.1
7.5,1.59
6.15,1.97
1.13,0.97
5.27,1.17
7.92,1.94
6.34,1.45
9.03,1.71
6.26,1.06
8.3,1.73
4.43,0.98
8.67,1.24
6.45,1.09
1.11,0.7
0.08,1.34
7.42,1.6
1.25,1.49
1.69,0.73
5.86,1.74
6.77,0.47
5.45,1.1
1.64,0.4
7.17,0.65
0.33,1.8
6.11,1.89
6.9,0.8
3.58,0.38
1.03,1.33
7.3,0.37
6.14,1.29
2.05,1.58
4.13,1.63
2.65,1.14
2.71,1.87
0.7,0.65
2.67,1.6
4.82,1.79
5.65,0.77
4.38,1.86
3.57,1.86
4.93,1.25
5.91,0.32
8.25,1.89
3.14,1.33
6.19,1.39
2.96,1.7
1.69,0.42
4.13,1.21
2.87,0.94
2.99,1.91
8.02,1.64
2.81,0.69
8.62,1.59
0.01,0.58
5.3,1.23
9.7,1.48
6.33,1.86
4.98,1.44
7.1,1.12
1.55,1.92
0.02,1.39
4.38,1.66
3.04,0.49
3.01,1.25
0.82,0.38
9.96,1.91
1.57,1.24
4.13,0.94
1.58,0.92
1.1,0.35
6.2,1.67
6.54,1.97
3.27,1.06
6.4,0.68
6.42,0.77
0.81,1.67
7.67,0.35
6.87,0.43
3.84,1.36
2.57,1.83
8,1.25
1.68,1.94
9.22,1.45
9.24,0.91
1.66,1.89
8.22,0.47
0.57,1.15
3.75,1.15
9.91,1.57
6.17,1.39
9.15,0.55
3.74,1.41
4.76,1.26
7.7,0.99
7.07,0.69
6.73,1.23
5.89,1.46
9.2,1.89
4,1.63
5.39,1.93
3.52,0.72
4.17,1.46
7.82,0.56
0.8,1.71
8.34,1.43
8.9,1.25
5.65,0.5
1.14,1.9
2.51,0.87
4.59,1.77
5.53,0.66
1.37,1.84
8.1,0.57
2.53,0.64
4.89,1.59
4.51,1.82
6.83,1.21
1.54,0.66
3.06,1.19
5.93,1.41
6.47,1.82
4.16,1.76
4.95,0.39
4.5,1.09
5.03,1.19
3.99,0.41
8.43,1.53
3.41,1.21
8.12,0.7
1.54,0.93
3.02,0.78
3.41,1.58
6.17,0.54
5.91,1.65
7.09,1.2
6.75,0.76
5.35,1.73
3.72,1.84
9.65,0.75
2.94,1.99
1.76,0.39
7.01,1.92
1.76,1.35
2.1,0.98
4.23,1.72
7.38,0.78
9.22,1.2
9.85,0.84
7.07,1.41
8.64,1.62
7.03,0.9
5.98,1.26
4.6,1.56
4.78,0.92
4.11,1.34
8.34,1.39
4.69,0.69
4.82,1.24
4.17,1.16
4.13,0.31
8.24,1.54
2.89,1.9
3.5,1.1
3.81,0.61
4.54,0.75
4.46,0.55
9.84,1.28
0.46,0.93
1,1.59
2.57,0.82
8.37,1.02
5.95,0.97
5.04,0.31
2.05,0.63
0.3,1.18
4.56,1.01
0.37,1.47
6.65,1.22
1.29,1.02
8.3,1.21
7.21,0.4
3.64,1.94
8.03,1.3
7.18,0.97
2.82,0.87
2.19,0.78
5.95,1.83
8.77,1.05
4.75,0.62
2.39,1.55
7.28,0.93
6.6,1.25
7.63,1.8
7.88,1.24
2.2,1.78
3.35,0.31
8.73,0.48
5.72,0.79
0.91,0.69
8.26,1.55
4,1.8
1.55,1.02
9.34,1.41
6.41,0.95
2.41,1.4
3.43,1.46
6.52,1.27
4.83,0.53
2.45,1.3
0.95,1.82
6.5,1.42
2.75,0.76
3.09,1.53
4.88,1.1
9.51,1.06
1.69,1.85
0.41,1.18
8.53,0.61
5.06,1.5
1.94,0.62
0.9,1.93
6.82,0.57
7.96,0.49
0.05,0.38
2.52,1.74
0.13,1.77
3.95,1.92
7.34,1.68
1.01,1.11
4.88,0.97
5.51,1.45
9.38,1.75
0.65,1.39
7.92,1.7
2.93,0.73
2.3,0.48
9.96,1.11
8.67,0.57
1.92,1.47
4.2,1.42
8.67,1.47
9.97,1.29
4.76,1.69
8.2,1.61
2.72,0.49
8.69,1.51
4.2,0.68
9.21,0.95
9.9,1.94
0.46,0.99
0.66,1.03
8.79,1.7
2.89,0.59
8.24,0.82
9.99,1.64
6.79,1.28
4.5,1.06
6.06,1.94
4.75,1.99
1.34,0.8
7.53,1.89
8.13,1.23
3.25,0.97
5.82,0.82
3.56,1.6
7.38,0.62
5.96,1.89
5.18,1.36
1.19,1.56
1.25,1.29
4.9,0.97
4.99,1.98
4.41,1.28
3.48,1.97
6.28,1.21
3.68,0.77
3.2,1.96
0.52,1.65
3.43,1.65
6.44,1.62
6.52,1.31
5.45,0.43
8.4,0.41
5.29,1.05
3.39,1.08
6.5,1.27
1.67,1.14
5.18,0.77
3.88,1.72
7.48,1.56
0.45,0.75
7.15,0.55
5.98,1.98
8.87,0.69
4.07,1.31
3.86,0.98
2.64,1.39
0.92,1.95
1.87,1.35
5.74,0.63
7.77,0.91
7.99,0.77
7.81,1.9
3.64,1.65
5.02,1
5.36,1.03
2.24,1.93
7.36,1.27
2.55,1.12
7.73,1.2
6.59,1.62
8.25,0.97
4.92,1.14
6.55,0.94
6.89,1.43
1.3,1.09
7.73,0.5
6.88,0.6
5.4,1.29
1.9,1.23
7.86,0.7
0.64,0.44
2.42,0.39
2.55,2
9.96,1.82
1.74,1.87
1.15,1.4
1.47,0.79
1.9,0.74
4.71,0.42
0.72,0.66
0.79,1.78
2.78,1
6.61,1.05
0.99,1.7
0.3,1.45
7.87,1.61
5.06,0.94
9.88,0.68
7,0.53
4.74,1.97
8.57,0.89
6.9,1.82
0.62,1.24
4.22,0.68
3.96,0.57
9.31,1.45
1.11,0.54
0.07,0.63
9.81,1.11
6.3,0.58
1.85,0.63
9.33,0.46
5.67,1.37
6.5,0.63
2.32,0.57
