COCOMO Preliminary results chaotic bernoulli, chaotic inertial = 0.7:

9.2919963619848,10
49.953343408137,10
34.419879945363,10
11.489448580167,10
58.686639038766,10
38.011474305527,10
9.4803043934996,10
25.128921916196,10
29.068070654145,10
22.675621886439,10
48.761677901627,10
41.350906239411,10
7.390924088394,10
5.2260198128356,10
68.279203787188,10
12.368230505406,10
8.2880110344138,10
19.464050021466,10
19.036812985221,10
11.502227669107,10
49.424987481871,10
28.912649313096,10
41.239930778001,10
7.2626266449941,10
13.919721257634,10
53.878003643994,10
16.102945589352,10
5.1170794513289,10
23.93880019279,10
45.352291979466,10
7.186794946564,20
5.0296038640935,20
8.5326221115978,20
4.4646318799932,20
4.1166229486312,20
4.4669700494132,20
9.5646898139046,20
8.8554800350603,20
10.156699910779,20
4.3815777699803,20
4.4361696460938,20
4.7197134412954,20
6.7494169483759,20
5.9133689497815,20
6.8986902811203,20
6.4572161381165,20
4.2098976862115,20
5.9911181206157,20
52.068956682525,20
5.8947696726294,20
5.664150455286,20
7.4345756414095,20
4.104818624149,20
5.0442556501194,20
5.3089920345809,20
6.1037206187901,20
5.1607981738973,20
11.715572612859,20
4.4082892641195,20
7.6954083829554,20
4.1532614127002,30
4.8486518623969,30
4.8571399093767,30
4.0930243491692,30
4.1832424294868,30
10.827100949067,30
4.1526397532312,30
6.6730941386472,30
4.8820849643224,30
8.5562481021127,30
4.5277134318534,30
4.5892399757203,30
4.2926462526768,30
4.4857067880188,30
4.235126327192,30
4.4139094840936,30
3.9239588837107,30
4.5458622590183,30
4.4505777713805,30
4.9955579061235,30
4.490806629721,30
4.6853021574575,30
7.8310279553927,30
4.6808872719212,30
4.1548644949994,30
4.2925792703015,30
8.2437446743755,30
4.3218289601895,30
4.1786019933761,30
4.9135247403741,30
4.5006792873363,40
4.3812603308526,40
4.5499926903422,40
4.5675790635159,40
4.5458065060438,40
4.1311627748515,40
4.0738847222133,40
4.2182646516016,40
4.3984320736357,40
4.2861903312551,40
4.1004785596801,40
3.9218950396153,40
10.848188839012,40
4.4755545994778,40
4.4579530349737,40
4.8348896567956,40
4.3900272269023,40
4.5676039933435,40
7.2943781733096,40
3.8857730417765,40
5.7753284872445,40
12.45158018035,40
4.5321879525238,40
3.7999480800148,40
4.2833003826958,40
4.4221859356269,40
4.6805544225624,40
4.6976933687178,40
4.81844713891,40
3.9285586371543,40
3.8398821438422,50
4.4471171310582,50
17.149516186679,50
4.2774492585741,50
4.46608086545,50
3.9993564937249,50
4.6224076950607,50
4.5454897211014,50
4.4714394398156,50
4.7393807220551,50
4.5334224693613,50
4.5840202988636,50
4.0845111680525,50
3.9993137241343,50
4.0743359130412,50
4.2584630172858,50
4.7081824599719,50
4.5831398360043,50
4.6844736081254,50
4.3473773943242,50
3.9322933889862,50
4.5641535076375,50
3.5695794844595,50
4.7494305918261,50
4.4177998966704,50
4.6876708795788,50
4.7916522577026,50
4.1558864972211,50
4.518877684582,50
4.692527647338,50
4.8894297428054,60
4.3932440328309,60
4.6758821018166,60
4.2788021812767,60
4.6288014634745,60
7.881038508505,60
4.6192413361226,60
4.1389256598983,60
4.2292953853755,60
3.8619194126473,60
4.0302191565836,60
4.0434161410534,60
4.5544329855255,60
4.2096535640231,60
4.3175711347407,60
6.2998055504106,60
4.6472202130655,60
4.2446945840359,60
4.139815205721,60
4.1347823564941,60
4.2905195599842,60
3.7095573555639,60
4.9103003500583,60
4.4576889909686,60
4.3104957095794,60
3.9584501857757,60
4.4287004871092,60
4.302692031373,60
3.4281771261525,60
4.0292489924594,60
4.0639822913459,70
4.5956878353215,70
4.1629891133338,70
4.6909827278798,70
4.015301964579,70
3.5178243449878,70
3.8849277909327,70
3.9895180290676,70
4.9405395953519,70
4.2486740025081,70
5.0773342146982,70
4.4251442822649,70
3.8051429635808,70
4.0359112973937,70
4.1712622239119,70
4.6647249992498,70
4.5251669450101,70
4.0975421312038,70
4.0188749861804,70
3.9392606531366,70
3.8125298336838,70
4.1221201106485,70
4.2738334797199,70
4.6686419294912,70
4.9007527173107,70
4.1208633580241,70
4.3972514742864,70
4.073972163287,70
4.1655541262059,70
4.0824027996372,70
4.6297672218961,80
4.4777717850206,80
4.3919671814754,80
3.9817012767378,80
3.7942490225279,80
4.0841965356487,80
4.3864145863039,80
4.7818385116178,80
4.2555263410419,80
3.3366719302041,80
3.8810951377916,80
4.2682849648403,80
4.718391278903,80
4.3526039257303,80
3.7795443108436,80
3.7025316656252,80
4.3624655957971,80
4.8069105374637,80
4.7903277406411,80
4.2240399439918,80
4.5448703133507,80
3.8105118171736,80
4.123372772269,80
4.0231367947357,80
4.2635026921341,80
4.7713960950228,80
4.0274788312649,80
4.2164976550405,80
4.2101613345986,80
4.1177323219061,80
3.6976800574547,90
3.9000677943021,90
4.5989253489399,90
3.3917260824698,90
4.4835221229679,90
3.7538092547848,90
4.1058877653049,90
3.9281980976594,90
4.2637586114451,90
4.2325606425772,90
4.8360838270826,90
4.5085276127344,90
4.4859409397732,90
4.0554275023335,90
3.8553614452841,90
4.0108754042461,90
4.375099796323,90
4.4729409023142,90
3.9374230068426,90
4.0446517713664,90
3.7872703241396,90
4.778996214318,90
4.4333873617333,90
4.6398842111324,90
3.9590577144033,90
5.8285429758644,90
4.2099965059067,90
3.7289684378496,90
4.3665340255523,90
4.3876840144275,90
4.4066106852506,100
4.6172715262032,100
3.9197071284704,100
4.0624883682736,100
4.5913022691163,100
4.1864889726216,100
4.1269906504704,100
4.311862722494,100
3.8357938036771,100
3.9456634343788,100
4.3696751807154,100
4.2022237589025,100
3.7616246974854,100
4.3142968093885,100
4.6839055784552,100
3.4040166595452,100
4.0738941066221,100
4.0034344799826,100
4.2112173106438,100
4.2126613375418,100
4.2117125484816,100
4.4589707225281,100
4.1395367336651,100
4.2323878541704,100
4.1256291363709,100
4.1567603953364,100
3.9326938489111,100
4.5801749498095,100
3.5509078065895,100
4.5140802010768,100

COCOMO Preliminary results chaotic chebyshev, chaotic inertial = 0.7:
214.66346589774,10
343.91617821056,10
364.5817280722,10
345.48896687126,10
294.79055962906,10
363.30959545347,10
346.45698438272,10
331.56617399478,10
332.12178277422,10
375.65587811078,10
450.78881317206,10
352.57079519192,10
374.19523637529,10
323.56790176682,10
321.7792257466,10
358.31892457979,10
295.07513521072,10
330.81140468886,10
334.4706915517,10
407.22702693049,10
321.27978464226,10
364.6515346901,10
364.43686941808,10
338.7814130259,10
270.46619159492,10
385.39049499481,10
349.07550029963,10
399.76086364944,10
299.97233615619,10
397.52097738562,10
199.53825297846,20
257.4474512639,20
285.45118995007,20
229.97694438575,20
312.27223763106,20
245.82293681581,20
354.70173750014,20
301.65399302358,20
240.54464549931,20
248.14301242589,20
206.73384917536,20
225.62233351746,20
203.68059117807,20
284.42628338908,20
279.39361198267,20
349.46394314533,20
312.82306670306,20
254.27195103473,20
260.00570873027,20
161.28087025781,20
171.54910506242,20
218.41406596527,20
277.35046102406,20
176.58775485764,20
242.02727100011,20
302.58172191473,20
212.5073852776,20
249.14386945883,20
254.330487518,20
196.61768082874,20
164.64368311815,30
165.07926257293,30
151.34502911212,30
155.4580419288,30
177.66743664693,30
163.3605097943,30
134.36288850739,30
124.71774750236,30
174.39131042671,30
255.60180651762,30
164.93730505194,30
202.48192931213,30
167.8025368634,30
222.11649188903,30
203.03859031183,30
192.92519625421,30
277.16053244288,30
221.25566187281,30
130.29661196593,30
208.51809565684,30
162.48587781605,30
156.84451551804,30
151.61575796874,30
136.3809597391,30
260.27643823381,30
168.61149591042,30
142.78489991834,30
136.86281384981,30
165.55838627186,30
123.33261922992,30
157.46775742638,40
116.93535498441,40
152.670304895,40
141.6463232798,40
114.90197000462,40
135.76937177534,40
116.24425719126,40
118.3858157606,40
116.17794375167,40
206.98767277265,40
187.29945815848,40
155.18456790466,40
141.77838083409,40
99.054088522862,40
125.7713366777,40
214.73546826854,40
119.37673178503,40
180.03434604015,40
138.65042921134,40
140.07028943938,40
121.12383870929,40
96.275370730301,40
152.41228182086,40
149.55745920763,40
135.74418948321,40
125.13719039369,40
190.51985949165,40
149.75186090454,40
145.43049296306,40
163.72164465664,40
108.31137517585,50
127.16893914454,50
72.678479860995,50
94.205224787313,50
116.42737189373,50
120.27399766675,50
133.65267165044,50
96.810735211321,50
83.017445810176,50
93.229806237246,50
130.25286176239,50
144.31238569294,50
158.29229600496,50
143.83232857699,50
153.50468020277,50
175.54257158628,50
128.18601747469,50
198.0314418251,50
122.96979691794,50
72.779180417432,50
110.60801855848,50
83.000155792776,50
82.202126570904,50
160.87581456417,50
101.12699398987,50
116.81901014154,50
136.06215159015,50
103.71775900967,50
88.562776402075,50
143.75494069163,50
166.00314955457,60
74.193916604499,60
62.278155607663,60
79.461104344506,60
68.173692459621,60
86.3259753461,60
102.86464336781,60
86.036267522738,60
72.334726389547,60
103.3964763961,60
77.174402702738,60
160.9715113524,60
90.33403467778,60
117.64600545267,60
159.13961823765,60
113.85550664019,60
139.6159727198,60
74.453714808036,60
139.89716545685,60
133.05110512805,60
114.97961350284,60
130.7152864993,60
97.054420406294,60
123.94339871342,60
97.126711825806,60
162.95418010992,60
106.94641351122,60
88.969660018318,60
84.684378725853,60
81.548573329453,60
65.603159657152,70
79.322179368912,70
106.32338736754,70
122.17165000696,70
83.035728350679,70
120.27335268162,70
100.20715326413,70
85.133406984971,70
59.561986983454,70
98.460648978632,70
87.1385458857,70
74.698329124804,70
95.413051308431,70
60.826645530754,70
121.4721949534,70
77.707617215325,70
77.8746510646,70
83.835349151563,70
96.983234860628,70
111.08489283527,70
109.21293238836,70
145.81294692728,70
81.668613071512,70
83.128523064903,70
76.325926009299,70
120.44958690435,70
81.528748172071,70
131.47995547364,70
80.962387379448,70
85.243803517874,70
89.365827331889,80
156.84493274449,80
85.022604699818,80
96.259783269735,80
76.183994536176,80
81.785172201795,80
52.813135131365,80
136.21946599348,80
73.958066069156,80
96.239177984002,80
56.672431488367,80
79.772444875038,80
61.503043195519,80
80.082270774838,80
44.061950573234,80
72.138952325033,80
62.36285154667,80
71.629561552819,80
86.14562632962,80
64.842795478766,80
101.65738496111,80
65.113275253457,80
118.01736621875,80
90.910006274278,80
76.3842142929,80
98.424610031649,80
79.129841510315,80
60.246540402442,80
57.716982182733,80
63.498119703124,80
39.077975174035,90
104.22404422524,90
52.251970232762,90
91.24666612432,90
73.04709150763,90
88.882702084399,90
100.69574108918,90
67.235943638782,90
101.44747257248,90
36.695271252313,90
74.181443477227,90
78.351387789081,90
54.066511907953,90
102.23136820084,90
43.070843596502,90
67.496942910914,90
83.960656804621,90
93.157646003629,90
69.478605569801,90
55.725797969861,90
85.318908509902,90
53.471577144637,90
84.119122132351,90
97.954771753677,90
91.348957073307,90
66.830380909296,90
58.961885939295,90
103.59765138868,90
35.5053568415,90
85.479772200646,90
123.14996795543,100
65.26088893223,100
87.517232543961,100
56.85601910434,100
89.30659599265,100
61.138785573525,100
90.934628398744,100
84.710079025207,100
81.368458379334,100
50.607969979888,100
100.49012196513,100
53.992134600576,100
93.17435453651,100
70.605944953139,100
41.760020356286,100
65.31088286437,100
105.4216715422,100
73.895972964003,100
84.253702643552,100
87.444464259286,100
70.600406342236,100
78.832453268094,100
127.09112308797,100
104.11930161335,100
65.264103117994,100
80.248734093219,100
57.292784199278,100
55.529101070949,100
78.704058103299,100
107.73228595141,100

COCOMO Preliminary results chaotic CIRCLE, chaotic inertial = 0.7:
75.778161566386,10
35.735221557327,10
47.554738974571,10
14.61498806234,10
54.847979081436,10
63.624602515936,10
62.768409705683,10
151.46754547992,10
79.879509364547,10
40.871956085015,10
46.575731952404,10
56.920346272143,10
64.142127830262,10
42.420106882045,10
192.27327335477,10
159.50121396061,10
138.2819373211,10
45.45395508477,10
60.126533041038,10
91.532083570138,10
75.765422939049,10
39.18938786977,10
131.1838495222,10
69.809789496883,10
45.721664957496,10
78.676349779669,10
83.899892542213,10
82.750182198932,10
80.253691678711,10
206.33699618765,10
18.248863973988,20
30.307849620156,20
8.0926472419552,20
19.777562619087,20
11.261097596679,20
16.716089713638,20
4.3491343807604,20
60.786267052875,20
11.208102980774,20
10.550158848072,20
10.591801142358,20
58.35867795368,20
26.135471079037,20
47.946196048823,20
24.287361553796,20
9.9438144206541,20
5.4993469140228,20
6.9532321601208,20
23.166402178221,20
7.0667455546992,20
21.120504162057,20
19.11516966872,20
20.227794798114,20
20.357188208557,20
118.28791852291,20
32.101974458694,20
64.871917227968,20
16.763698673159,20
90.699415367004,20
39.796346681772,20
4.4927587880542,30
3.7971416557999,30
57.966316140385,30
5.433971164993,30
22.048431539325,30
29.502774931466,30
10.4471277873,30
10.258621907023,30
6.9009951211616,30
10.264350726876,30
8.6318191055856,30
4.4985853623416,30
3.8026872250035,30
11.206491486242,30
4.4826551623586,30
10.348395962074,30
8.2168073578814,30
4.2863960983343,30
4.5581418828856,30
13.301453271,30
108.55736362659,30
4.1049533282196,30
9.1220589579332,30
18.912100373026,30
7.9142555697014,30
31.113391475604,30
5.5148657870025,30
30.265541249202,30
32.508262165586,30
5.5137914475394,30
10.598622380828,40
4.0094295510866,40
4.0565107861096,40
20.203967948883,40
92.116751646686,40
4.4459611095157,40
5.4341884336566,40
12.113963477676,40
4.7098386173665,40
6.6026754759556,40
4.6567465326613,40
22.803187154048,40
4.5067331905909,40
16.423200202807,40
4.632705936815,40
4.7671671592349,40
3.8467128271786,40
4.0833946830388,40
4.4534012469672,40
12.538019867478,40
22.783640324462,40
4.3684947766012,40
4.3740454014596,40
3.8468436807554,40
21.681684760081,40
4.1137974329295,40
19.890304324017,40
31.90550442108,40
4.2155124550615,40
4.157925079782,40
3.8300875747247,50
4.0358699572826,50
3.8343949182525,50
3.7044018394884,50
8.6479754761185,50
4.3957270577998,50
16.537968822191,50
6.6147592675839,50
41.271730132961,50
8.9785670354733,50
4.1926339876621,50
5.0699291231129,50
4.0736780518266,50
6.7599362024085,50
4.4556596187887,50
6.6655350998402,50
3.9114877524014,50
4.052258274244,50
11.83336841778,50
4.3846907831319,50
8.6842682140129,50
3.9279672289317,50
10.928636613632,50
4.3671095674337,50
4.4359101326028,50
4.3299104796835,50
4.3291687725787,50
9.5238778099051,50
4.1564478102905,50
4.4426862195059,50
4.6135446759319,60
4.3251260634111,60
3.7859969873435,60
12.155117370376,60
3.6271590664629,60
3.827738354501,60
3.8238650790684,60
10.739709511508,60
3.8969236729991,60
4.0220306365971,60
4.4574799268707,60
4.0577089315307,60
4.6834366018977,60
3.9329067777801,60
4.2012953790924,60
4.0475437784045,60
5.59610214435,60
4.0068673858992,60
4.6765052996948,60
5.5512211682154,60
4.3834867745568,60
4.9169560795353,60
4.3721512981437,60
4.2667117269791,60
4.0705509821397,60
8.7944754069921,60
4.3664822221148,60
9.6219516041245,60
4.8300531240862,60
5.5184947825229,60
4.3428814794925,70
4.3659346509058,70
4.6992091310598,70
16.393769652895,70
3.8553433764671,70
3.9168188921465,70
3.8688733656668,70
4.2125230050056,70
3.4250289742445,70
8.0161742853018,70
32.200560545122,70
4.9196064566532,70
3.9506224630185,70
9.6053587397985,70
4.4013049778094,70
4.3949292020806,70
3.8188232349476,70
29.072433788102,70
4.1779503008655,70
5.73159360283,70
3.6406452375665,70
4.2592224312487,70
4.1765924130242,70
3.9973827296516,70
4.0857074006523,70
4.4055580144151,70
4.2707925547207,70
4.1973915039836,70
3.878560193082,70
4.8199941861009,70
4.9164584093667,80
4.0009402985238,80
4.3418701734155,80
3.8428329818618,80
4.7174961783834,80
4.2118380305817,80
4.1490947140319,80
3.7625726000714,80
4.1719344798521,80
4.6482745449065,80
4.6742918418667,80
4.1861628939584,80
4.4488210953977,80
4.3053888472828,80
3.6565434138506,80
4.3525367090182,80
4.0449416923082,80
4.3773283432684,80
4.127426296983,80
4.1499652860958,80
3.8366736996658,80
4.9526099218224,80
4.1074341724042,80
4.3159032447115,80
4.082105806403,80
5.0446176982689,80
4.2368368789032,80
3.9633261760468,80
4.3329297833998,80
4.4901094127769,80
3.6547917730528,90
3.7219519940052,90
4.1456533705956,90
3.8885536408335,90
6.9258481449593,90
4.3449545026265,90
4.0428989064015,90
4.0958942529194,90
3.3605230770709,90
4.0842626552946,90
4.0890856880284,90
4.2329810142571,90
4.1774643929129,90
4.5453606971417,90
3.4887686621707,90
3.9549391300712,90
4.1393008082605,90
3.8077408629517,90
4.1061039663394,90
4.4820778371138,90
3.8553294473709,90
4.3350927717575,90
4.2068228318177,90
4.210280393153,90
4.3111984204251,90
4.0197607046562,90
4.1856801119788,90
3.7719152578947,90
4.0886714645798,90
3.9404340860667,90
3.9929531856368,100
3.8896240168956,100
3.9118004807726,100
3.78395030204,100
4.3499932607315,100
3.9875554937985,100
4.0057701515824,100
4.232942068917,100
3.984265475208,100
4.156941229371,100
4.4072089001451,100
3.800845436726,100
3.9370616896654,100
3.9813599324391,100
3.8304820559806,100
3.5948430796878,100
4.3225360384365,100
4.0011028387339,100
3.6586047444642,100
4.38946413853,100
4.2846237045289,100
3.9535442099514,100
4.3027727356384,100
3.7259294512355,100
5.0834013608082,100
3.9617085970352,100
3.823243353082,100
4.3080162240434,100
4.4544709189737,100
4.0782795988433,100

COCOMO Preliminary results chaotic GAUSS, chaotic inertial = 0.7:
24.031173880968,10
19.49501258147,10
14.426521996813,10
52.71172711058,10
25.2754410539,10
30.570166708741,10
26.317219413721,10
16.959396976098,10
137.66648196136,10
21.815798959848,10
43.034042175784,10
32.304446863497,10
11.483494061519,10
36.555659237784,10
17.200969541961,10
13.919491849532,10
65.13410367727,10
40.829346285806,10
11.547261200041,10
68.563009738031,10
13.65882500937,10
68.501416076318,10
114.64413732288,10
22.89836091959,10
36.39872930968,10
35.06629435063,10
61.722039598001,10
51.084493716829,10
7.1424757677341,10
71.823318875338,10
4.1312341273727,20
25.284547726456,20
10.069234050039,20
4.7650160692998,20
4.401906419818,20
4.1711928990621,20
18.750140121399,20
4.5564795778755,20
6.7859034371038,20
4.7674198108483,20
5.0671960913768,20
4.6074421781997,20
16.906774582554,20
4.6683681108733,20
5.0892860001705,20
4.8226488745475,20
29.836570141304,20
4.1584980911558,20
38.953336509759,20
4.3910861157114,20
6.4753661233715,20
4.4694078455596,20
7.9969539329524,20
4.5243292783763,20
8.9591968147955,20
6.5275143735438,20
5.6813476496438,20
4.9293124496926,20
5.4709844768077,20
6.9776090250675,20
4.2302454124206,30
4.4977487486448,30
4.4075414516279,30
4.9998445508048,30
6.484734177675,30
5.0341187799212,30
4.0916129790726,30
9.6516018091943,30
4.9063239124048,30
4.6621095881704,30
4.4352845845023,30
4.3794562663966,30
4.4613788726624,30
4.431152385856,30
8.4536244064227,30
4.3943570161311,30
6.8516722755303,30
4.10611230268,30
69.512362647005,30
3.8857296268741,30
4.0413914255606,30
3.8583036224334,30
4.351745452341,30
4.0707523267935,30
10.46517719741,30
4.547261876586,30
4.3874702027611,30
4.30125377922,30
30.291233029483,30
4.6443403737929,30
4.3242437226715,40
4.7359804416528,40
7.8960284429457,40
4.5046602302404,40
3.987401116505,40
4.4976526393819,40
4.5452125223192,40
4.2688163332424,40
4.5969103892398,40
4.5451709426294,40
4.3065444312262,40
4.3126973590631,40
4.3150865280559,40
4.5855455715252,40
4.1178109406482,40
4.2923973036339,40
3.9546243624217,40
5.0715723384667,40
4.5446169376884,40
4.2909019238967,40
4.0725095317595,40
4.3351062666469,40
4.1867874248813,40
4.3197766477495,40
4.8987725176078,40
3.9791722232388,40
4.1232645956983,40
5.4468775310874,40
4.0495387025028,40
4.6755761119938,40
4.3280019425472,50
5.0191867919467,50
3.9010357798871,50
3.8703063086147,50
4.1793462893933,50
4.4220963457674,50
3.5460247811781,50
4.2025114665995,50
4.4144480136382,50
11.592902145463,50
4.1671766543175,50
3.7749413272982,50
5.0188300527036,50
4.3747577558038,50
4.4186718474998,50
3.8656777457052,50
4.0140136182708,50
4.2867499292758,50
4.2619783698979,50
4.564068652015,50
3.9505252756483,50
4.2789097122068,50
4.7062697351207,50
4.3968053007102,50
4.5200005802297,50
4.6734022084287,50
3.9658287471014,50
3.9512440013831,50
4.1847837392298,50
4.1598969009296,50
4.2198211043596,60
4.4551372349328,60
4.477063805106,60
4.1556826804097,60
4.1543031926231,60
4.0513765521938,60
4.3899327944789,60
4.3316929058082,60
4.3234559534259,60
4.2141901148397,60
4.5812231502931,60
4.3169730863263,60
4.0862404214401,60
4.3045887509269,60
4.3630131323801,60
4.0876436485678,60
4.131029069659,60
4.8101200128928,60
4.2819698958796,60
4.5141415205202,60
4.0294886675991,60
4.1856649322697,60
5.1270168735751,60
4.5472700163208,60
3.9470127757353,60
4.5639196774865,60
3.8488369015435,60
4.7389526099531,60
4.1195641416966,60
4.5216044840096,60
4.0644822786326,70
4.0626135824865,70
3.7167728897436,70
14.601774247767,70
4.4326690706578,70
3.7354522876443,70
4.207192763957,70
4.0697306563274,70
4.4184368478661,70
4.34096352809,70
4.264345387276,70
4.1119254376023,70
4.1600263272806,70
4.3571591531,70
4.5574789090581,70
3.8621793615715,70
4.4060705683031,70
4.1652774501795,70
4.058793034168,70
4.4204566169177,70
4.1457825188797,70
4.1218639283562,70
4.310073395076,70
4.5055845009345,70
4.7165917610377,70
4.117874981344,70
4.4584785294029,70
3.8301379909406,70
4.2996237334094,70
4.5711923143253,70
4.3706940851134,80
4.1790525416878,80
3.8808452007788,80
3.8411711150511,80
4.0621946300346,80
4.1680061866382,80
4.2224997921206,80
4.5515916858339,80
4.0216510188941,80
4.0059121240387,80
4.5694404026634,80
4.1219369387606,80
4.4838342544262,80
3.8437995432125,80
4.4787587886498,80
4.037992712707,80
4.7284625184908,80
4.2264722663075,80
4.0278791506396,80
3.9795622618434,80
3.5955882764887,80
4.3819515457462,80
3.7893700116838,80
4.0377280022684,80
3.9186509840821,80
4.8070079405834,80
4.1510862765581,80
3.9341494807725,80
3.8788158643256,80
4.3171437707192,80
4.6897188860406,90
4.4253797648576,90
3.9662478903829,90
4.1333421462452,90
4.0761007295062,90
3.6332448032559,90
4.3805565630181,90
3.8306573831158,90
4.3391008569964,90
4.6182925267765,90
4.1666170927814,90
3.7562275883245,90
3.8714320678509,90
3.9395079054584,90
4.3645474413621,90
3.7535132256037,90
3.9104206953327,90
4.4938748996081,90
4.4253859253383,90
3.7009870968501,90
4.1895890600719,90
4.5052877383597,90
4.4204430174051,90
3.9678335539809,90
4.0600439016092,90
3.6149069283752,90
3.8262547577954,90
3.38819030818,90
3.3630659345414,90
3.9047616871709,90
4.2218261972276,100
3.8100243517629,100
3.1173971990182,100
4.4572466840794,100
3.3100271332709,100
4.2205278031368,100
4.7453809063377,100
4.6145549546472,100
3.7078472503633,100
4.5029912751535,100
4.0522733011626,100
3.8382241642733,100
3.6745413445794,100
4.2232643174282,100
4.5710782787039,100
4.2689667103829,100
3.9109899656715,100
3.9498682021906,100
4.5504073805009,100
3.9855231742749,100
4.6914615576189,100
4.185002888562,100
4.4253050017221,100
4.1981894774055,100
4.4670873291089,100
4.4124575870116,100
3.674961026708,100
4.1301434584316,100
3.8820360736309,100
4.1303950749077,100

COCOMO Preliminary results chaotic logistic, chaotic inertial = 0.7:
35.809091646597,10
14.28508118083,10
15.623611484188,10
25.864423800495,10
8.7182390142043,10
22.945251209736,10
19.638497703163,10
30.889547413674,10
13.699482375736,10
10.04342785959,10
24.275272934449,10
12.103741050345,10
13.744108621755,10
23.385158581149,10
12.8633044953,10
14.660193008761,10
20.118635023417,10
18.366029486677,10
18.486940861817,10
18.747345131568,10
52.527322156801,10
18.574070586598,10
13.656306628353,10
23.584506912337,10
21.963093563408,10
30.943195928249,10
34.89573599341,10
37.275104448356,10
27.245989767009,10
16.265534889741,10
10.829900240296,20
6.0183743718228,20
12.577012648724,20
19.090398515885,20
9.0050699477491,20
11.10039086451,20
6.4416916250256,20
10.164691856197,20
9.7156517355764,20
10.382831517754,20
8.8388251723781,20
7.3218656785137,20
14.743914600522,20
11.166580643227,20
8.3128472302631,20
12.113872655607,20
8.3231979028199,20
7.9540922633333,20
8.1029303744302,20
12.955223230301,20
8.9185899729369,20
11.733445634854,20
12.549028030607,20
17.28613021826,20
15.690618858153,20
8.7173461452767,20
7.903282711325,20
10.931440702151,20
6.5875665513108,20
9.4709283369607,20
5.8859032283804,30
5.9371203012807,30
10.742079313609,30
10.316721940762,30
7.5973352334738,30
6.33264573687,30
6.4989832371381,30
5.6798148287685,30
6.1017813008164,30
6.5300577470025,30
10.04222713281,30
6.7285849702705,30
8.2400683000391,30
6.6368327755552,30
5.908691133073,30
5.1631109202069,30
7.0285012595428,30
7.2236217042202,30
8.0115202879797,30
14.406159859519,30
4.7610686684765,30
6.2520126551453,30
6.0808210096306,30
6.0259212422392,30
5.4928323436723,30
10.989481167279,30
7.30675077525,30
6.5427597385695,30
8.0919296978148,30
10.065970867564,30
5.521699421741,40
5.6783315116048,40
5.2392041849904,40
26.942929433142,40
7.0319636165031,40
7.4928826238141,40
7.4466940333064,40
5.8227204523175,40
5.7967900654623,40
6.1378079883211,40
4.8335067962022,40
7.1138403284088,40
6.2361002291258,40
8.1797984065598,40
5.5155848246248,40
5.2085211704875,40
5.5741215646559,40
5.1181566339955,40
5.0897310228161,40
6.9486544206665,40
8.29636391887,40
5.3744742530657,40
7.9299250211314,40
6.9097919665894,40
7.16704057644,40
5.8241535159401,40
5.2827539220697,40
10.085091591545,40
7.0154953577505,40
5.2072416002607,40
7.4118043927265,50
4.9471560217787,50
4.4573452470216,50
7.6177003458009,50
5.0945496147068,50
5.8816426927718,50
6.1655276724535,50
6.7384600625414,50
4.7403076625036,50
5.7370034860117,50
6.8373310411596,50
10.24139805056,50
5.2258768015758,50
6.3017885327502,50
6.0308803714142,50
5.7695311447678,50
7.9256969199278,50
5.7568093023165,50
4.9021693214465,50
20.110085870274,50
7.6501269579782,50
6.2140405802456,50
5.4255080071485,50
5.4935036161417,50
6.7188979383135,50
8.51202658408,50
4.5609643034524,50
4.6604342613986,50
5.6826603817932,50
6.2570829691457,50
7.4046221958874,60
5.2543356229311,60
5.3844691059926,60
5.9028274105758,60
6.1417119456853,60
4.8172166193437,60
6.4696132851911,60
5.1634664864865,60
5.5732654341126,60
8.5255008211291,60
5.0239595574549,60
5.9227363192103,60
5.9953615964994,60
6.4810672642364,60
6.7563225038296,60
6.6822503699532,60
6.1849774638149,60
6.1349044981476,60
5.0099703763933,60
5.0619586119963,60
5.7719410818381,60
5.8473028982169,60
6.6390951945304,60
4.8110748302523,60
5.8444102589273,60
5.5983188617315,60
6.4130161820289,60
5.5081833144766,60
6.1002606781335,60
5.6889838564948,60
5.3600492602856,70
6.1884368028482,70
4.7357885382232,70
5.9316267392368,70
4.887492615451,70
5.156988657552,70
6.102050738962,70
5.9639281328313,70
6.588932094333,70
4.8394241857685,70
4.9134789089872,70
7.4104159709971,70
5.5664714288143,70
4.8542540015321,70
6.5709243597135,70
4.973083289469,70
5.3182652098592,70
7.573658950658,70
10.512686253177,70
5.4948620473043,70
4.5966341066128,70
5.2430444046717,70
5.6440201781187,70
4.4981523428085,70
5.4987005841508,70
5.8693426769571,70
4.4517108951985,70
5.8604846554027,70
6.2026759832982,70
4.9223041432236,70
4.7860913786938,80
5.1994614344896,80
5.5570325331402,80
4.6403206235835,80
4.80037996103,80
6.349522795949,80
5.3264460780861,80
5.5204864871358,80
5.2847129024068,80
4.3627292590555,80
5.5328061390946,80
4.5881027615375,80
6.171012106215,80
5.5514072579303,80
5.2899903059634,80
6.1194668468206,80
4.8815773997837,80
5.2388928202325,80
4.8807022635314,80
4.9306544280636,80
5.4581264770397,80
5.6613604990596,80
4.7778323536396,80
5.2945829848147,80
5.6740480505745,80
5.0537596168995,80
4.3587985602563,80
5.4981895345824,80
4.3808787873365,80
5.4386887993254,80
4.3171079732736,90
4.8552969954444,90
4.9973513991515,90
5.0789403286766,90
7.5621090766608,90
5.0147440863389,90
4.8609694676519,90
4.9108628786996,90
5.5286044535819,90
5.0140393663119,90
4.5999862689377,90
4.4517642107668,90
5.3307248730055,90
5.2768676299688,90
8.078894378238,90
5.0522807433293,90
5.4226124884768,90
5.8843122313317,90
5.6413599009873,90
5.0390955333623,90
4.9901466273581,90
6.142087610859,90
4.8652191553181,90
5.0564337131622,90
4.8237368526474,90
6.5134052120943,90
5.0806567665198,90
4.4325517044887,90
4.7842263629377,90
4.9100596603984,90
4.2823425460952,100
4.5539454720051,100
4.5474474912391,100
4.9018280011588,100
3.9237153821257,100
5.1623638510412,100
5.2003718220761,100
4.8654136869147,100
5.2720190288119,100
5.0834377539908,100
5.0726862223841,100
5.0338809931093,100
5.0323495085726,100
5.7637378966569,100
5.6433948982976,100
4.3494641250584,100
4.4253439283903,100
5.0352363512134,100
4.8790371049549,100
4.7767420396386,100
4.733642191255,100
5.0839267412862,100
4.3147916245478,100
5.0957155714582,100
4.4817875261242,100
5.248685027743,100
5.1528947140525,100
5.2156930139254,100
5.013395239503,100
4.5934882695427,100

COCOMO Preliminary results chaotic sine, chaotic inertial = 0.7:
20.865792941225,10
18.277788251801,10
18.9980793537,10
11.477972748201,10
23.072716008814,10
20.077146353916,10
26.604388288697,10
38.594772800723,10
9.4973705747529,10
22.739368275116,10
21.156984938912,10
20.324925933906,10
12.133590502787,10
19.474623260945,10
13.659182813045,10
22.593109254586,10
12.116579573695,10
38.629027922794,10
17.42109901926,10
33.792318518339,10
9.1243843035564,10
24.968579627275,10
14.292004348319,10
16.174002321592,10
16.580618552421,10
21.59227047519,10
52.770148960725,10
23.183778494234,10
17.208607698799,10
28.997090713058,10
6.9031915166391,20
7.7049064132814,20
9.3072953485488,20
13.918502288218,20
7.8510190303363,20
10.98774069436,20
8.9743193267478,20
7.5192826027045,20
12.347815965929,20
10.133849462268,20
6.8793479619917,20
6.0535958955455,20
6.664223205033,20
10.540456164845,20
6.2967034062161,20
5.9549806346312,20
8.5837472616322,20
6.4315178624812,20
7.2143195805732,20
23.81979062555,20
10.692444882145,20
8.5651633442646,20
5.5339955545813,20
20.408806560537,20
5.4693680675803,20
12.853933333225,20
5.8078766418122,20
5.6691356636685,20
10.521668083081,20
12.607312967324,20
7.5882056326003,30
9.2326994660676,30
5.6289985629121,30
5.3387416880348,30
6.3749193448778,30
6.332899393879,30
5.6445751975048,30
5.2009892420602,30
8.4332657888929,30
7.8351357062228,30
6.1382302916804,30
8.3822494213061,30
6.6066679387181,30
7.0225714017584,30
5.5424483510334,30
7.9938253065174,30
6.6763540614273,30
6.9234328994166,30
5.9085234322006,30
5.153399224494,30
12.468511092864,30
5.8217022567395,30
7.3145661882841,30
7.1395381316282,30
6.4734411188927,30
7.3063067072173,30
9.123639736905,30
6.4535799612967,30
5.9291344189153,30
6.6412459399548,30
5.054983857604,40
5.7235684331564,40
9.1145878041735,40
5.846671888089,40
6.3226931320001,40
6.3938680295479,40
5.4170129408147,40
8.2608679008322,40
8.3811491443343,40
7.1151811469438,40
7.1948788206147,40
4.5737239171526,40
5.2054103653594,40
13.182250933708,40
6.8044329195764,40
7.2831607866486,40
4.9961071225111,40
5.0050357350474,40
7.2172020430393,40
6.8211490847731,40
5.360956273127,40
5.5069522879875,40
6.7282996009498,40
5.0390963868576,40
7.1173662832824,40
6.0084753095881,40
4.7998769066192,40
5.8669783316948,40
7.7233292672751,40
5.587449574945,40
6.0809772688621,50
6.3761242633578,50
6.7677219080862,50
5.1790453680483,50
5.7075059610128,50
5.3135889219425,50
5.3377585034679,50
6.4995857293239,50
6.0712646361216,50
5.5203112095414,50
7.4858947873923,50
5.531424750866,50
4.2939723513845,50
5.2551123053051,50
4.6592651834235,50
5.4140035472704,50
5.0444695966193,50
4.5319359743274,50
5.4249650952258,50
4.952103146084,50
5.5278878323906,50
5.8656640676539,50
8.1556953239334,50
7.237694908238,50
10.076747303607,50
5.3557782781748,50
6.0302198105932,50
5.5443511048024,50
5.4765469982801,50
4.5760140491044,50
5.4504597147346,60
4.9459743636895,60
14.355320764637,60
5.9774503637583,60
6.19023746654,60
7.440782345894,60
4.911000707885,60
5.4102328501417,60
5.7358914255281,60
4.8502016809925,60
4.8377916845808,60
5.2762761168864,60
4.8990550973584,60
4.6913921388436,60
6.2472820926519,60
4.6326361705871,60
10.644913146266,60
4.8209978626565,60
4.6609335538661,60
6.2447041335066,60
5.3896075666141,60
6.3148964732475,60
4.9313533073168,60
4.6973258609617,60
4.645147967775,60
5.4567286799704,60
5.0140495821197,60
4.1374807502366,60
5.4168876555935,60
4.9553849785018,60
4.6330208886677,70
4.6396322602264,70
5.2922345033749,70
7.2333230462941,70
5.7847608526685,70
4.7701336488817,70
4.9503392653872,70
4.5178492197816,70
4.3510368166595,70
5.2023100691924,70
4.8303052713087,70
4.9364157367008,70
5.7275086277245,70
4.7419872512904,70
4.8280633566639,70
4.307798500059,70
4.7232377434432,70
5.1320575429546,70
4.7781871823957,70
5.2927785232961,70
4.6605237307987,70
9.5594882224075,70
4.8571303717565,70
4.129576307705,70
4.8444902483314,70
4.7232976813872,70
5.8092125118236,70
7.9103958730716,70
5.1259558620452,70
4.8192910932778,70
4.3152976900551,80
3.8823842566087,80
4.8720539792837,80
5.7979926030805,80
5.4030981937328,80
4.9646676763175,80
5.4283709375731,80
5.0705310257137,80
5.0447555051132,80
4.357658965597,80
4.2217681719959,80
4.7462091622748,80
5.4782478033461,80
5.5386743309244,80
5.1465322005332,80
5.2189416303614,80
5.2206081656693,80
5.0291883378807,80
5.2560089944232,80
5.0652011076429,80
5.615475383159,80
4.8869006243479,80
6.2603486273073,80
4.8692403218177,80
4.0991768645609,80
4.7114016202415,80
8.2688671298163,80
6.5062041676072,80
4.3170874104047,80
5.0248037447586,80
4.712003114576,90
4.774066713541,90
5.0019705077423,90
4.0917818211072,90
4.6806126208705,90
4.9096682151923,90
6.0645789606969,90
4.5824031313111,90
4.9005884540541,90
5.257383468,90
4.5079354637066,90
5.0281991966661,90
5.5917253265597,90
4.5301999635728,90
4.1306457958433,90
5.8729804862274,90
6.8928910621977,90
4.1369757055358,90
5.9991178291784,90
5.3297895742697,90
5.4360955463444,90
4.5996386074324,90
5.6022913083643,90
4.6347108937355,90
4.5446514724171,90
4.906005840371,90
5.6069022500291,90
5.0879776214839,90
5.7857082497243,90
4.4216167259514,90
4.545364998672,100
5.2289987010295,100
4.7617081369965,100
5.7132610999912,100
5.5823349683665,100
5.1139251820755,100
4.2502954501566,100
4.7009729808068,100
5.3011094446299,100
5.0324021803044,100
5.0562493206581,100
5.4257738992265,100
4.6754960344214,100
4.6508337102578,100
5.025952964478,100
5.6331304935054,100
6.1861255604735,100
4.3035350933429,100
4.8784464166667,100
4.0860986294331,100
6.9016109356012,100
4.1625577739177,100
4.4903840040006,100
4.9948462385935,100
4.1873788345164,100
5.055572013093,100
5.9935881834827,100
5.1277192586756,100
4.4810162463622,100
4.7903538306045,100

COCOMO Preliminary results chaotic singer, chaotic inertial = 0.7:
27.923811542759,10
34.497993694106,10
25.112751223685,10
23.459887288398,10
29.029830643784,10
20.006424031526,10
26.86761060805,10
58.309863251152,10
30.842197211397,10
26.617987112511,10
24.564270401932,10
26.356266675041,10
21.042038033466,10
31.294923438835,10
20.045096612669,10
36.034040453183,10
27.312871533164,10
28.721421764949,10
37.313376053014,10
31.930256356225,10
18.50976966572,10
64.347721049684,10
24.289629926087,10
24.18822776779,10
38.058032369589,10
25.042584354816,10
19.655032984255,10
31.455352011623,10
23.104453048103,10
26.53773127948,10
24.050112040106,20
9.0857535283317,20
18.052865902593,20
16.394948288494,20
21.819802862212,20
12.748020993997,20
13.380774120074,20
8.1410859386362,20
16.142886286786,20
11.742962568595,20
8.759969881511,20
16.57250463568,20
16.335107409345,20
16.86502858912,20
14.526599170483,20
18.039359397062,20
14.960625783163,20
19.015244560422,20
15.096416429045,20
15.621906375708,20
17.316377903174,20
17.14982684473,20
17.16335605089,20
10.263447513583,20
30.100992916224,20
21.130251810883,20
12.163117692825,20
19.644830284555,20
8.7371914795898,20
23.813795891148,20
8.0891078595235,30
7.8555264092359,30
7.4319413513422,30
7.8714101857243,30
7.4039923010244,30
8.8396247945772,30
12.300804556908,30
7.4287744475351,30
15.919835499803,30
10.462860527455,30
7.434784689364,30
11.275629837079,30
16.848296784431,30
9.9417208306193,30
11.750131446669,30
14.653735161436,30
7.2955853756671,30
8.7340353370799,30
6.7771414674757,30
6.9783637471596,30
8.7588948373662,30
7.0097404056365,30
7.1126607558905,30
9.0281723823832,30
11.475816604391,30
13.275605367409,30
8.3841999684197,30
13.023466275881,30
8.0094263574044,30
9.2887991797775,30
12.129321089546,40
8.5557612462575,40
6.0168968993021,40
8.3496250342316,40
8.8650011713879,40
6.1319606465135,40
6.2652241991801,40
7.7078843096784,40
6.2788086863321,40
8.0370015968873,40
13.453463058686,40
10.439860201049,40
6.3365987399078,40
7.1423267426009,40
6.8901550038482,40
7.0852764277561,40
12.267889361321,40
11.556268966216,40
7.2205858086359,40
9.4874490378525,40
7.0763443965831,40
7.141375013003,40
8.9254826165635,40
6.917302566758,40
7.5776462575436,40
8.1346532294007,40
6.5589043565679,40
5.9509536575355,40
10.776656351515,40
6.716214600578,40
10.159556288583,50
5.1651305798256,50
6.183506405893,50
7.6051091281284,50
8.8132090488775,50
7.5862905249601,50
7.774718144454,50
8.4187848342819,50
7.6617277461745,50
6.1372150432306,50
8.5202475502922,50
7.6393828922945,50
5.9944202951657,50
5.4256217731635,50
10.587009167649,50
8.0866506272754,50
7.2713753215401,50
7.2337995225013,50
7.2311939288926,50
10.669628213396,50
8.9036488169076,50
11.820885661187,50
6.3858760787803,50
13.008751605155,50
5.8385161252515,50
6.8185804775714,50
8.9158895391642,50
5.4789588330958,50
14.126418004995,50
6.9322852512871,50
4.9131454662227,60
6.5557002744197,60
7.8120828016395,60
8.0551028640476,60
5.9058021327378,60
5.6694435293682,60
5.748916764598,60
5.9398355933762,60
5.7339653022543,60
6.2000040525567,60
7.8631919193838,60
5.4591549590583,60
5.9328644165524,60
7.2449752734648,60
5.1108790389546,60
7.9926360331912,60
5.3849433617817,60
8.2095400612749,60
7.4365649959702,60
6.6599196974374,60
8.4387874530587,60
9.2885116533293,60
6.2216390666347,60
6.9677122561699,60
7.215119952421,60
7.5020808048335,60
8.5591128182711,60
6.4414179097327,60
6.9757694588391,60
10.514797619109,60
4.6534139668908,70
5.2445725264573,70
5.917323468429,70
5.6751115709883,70
6.3823745009281,70
4.6697220802501,70
6.0853435340689,70
5.733470593847,70
5.196933779856,70
6.9693004973536,70
5.0146832997196,70
5.9774267167439,70
5.6184504825364,70
7.1605752273493,70
6.5920590547573,70
5.802916640698,70
5.2871439979341,70
6.4194918341973,70
4.9307845593174,70
7.0050719221038,70
6.4217331862344,70
5.6057556184023,70
5.493215834594,70
7.7914930554422,70
7.1426920689371,70
4.4934722096772,70
5.3929918470974,70
8.7027989544866,70
5.6286942292787,70
5.3582211219214,70
6.1773683439146,80
6.1951009417043,80
7.6203788006448,80
6.1072086959258,80
5.3157074109497,80
5.7335163328272,80
7.0622170032891,80
7.9566626720676,80
6.2350535572273,80
6.0030211207351,80
4.868311259965,80
5.2794456761526,80
6.0658959035757,80
4.6089853118556,80
6.5282801333589,80
7.3116910915582,80
7.507853773828,80
6.4401655973213,80
5.164017711771,80
4.9699394649086,80
4.965662413046,80
6.3769491891721,80
6.3262592951138,80
6.4967149648793,80
4.8713977485234,80
5.0602962891728,80
4.7373851296375,80
5.4061923378485,80
5.168156899875,80
5.2722266607867,80
5.8257616043822,90
5.3704431669208,90
5.1581941844172,90
5.4893028701942,90
4.5572598233829,90
5.4232488529132,90
5.7839916854632,90
5.5572314133396,90
4.8728229764623,90
5.4712441100649,90
5.5643143511967,90
5.6212927314354,90
4.9967588724226,90
4.4602261356108,90
5.0061644273116,90
6.4377888076613,90
5.9583848695409,90
5.4543177271389,90
5.4645802580653,90
6.2583536701307,90
7.2694134770995,90
6.056299020167,90
5.4821076032002,90
6.7252790077516,90
5.566250978337,90
4.9161202458507,90
5.2187774579741,90
5.1842552634747,90
6.1801078487271,90
6.2384943698336,90
4.7863501881781,100
4.9455643039572,100
5.7422886995244,100
6.7464375546826,100
5.0666271636451,100
4.2448184233283,100
4.7606086342139,100
5.6597329606459,100
4.6868210731953,100
5.1819025861943,100
7.1526475406748,100
6.1078885547179,100
4.5657927558205,100
5.0303448987904,100
4.7530282455934,100
6.5225554851614,100
5.8780301400065,100
5.1827040709505,100
6.1088433370599,100
5.3122703894342,100
6.5627129571079,100
6.2680252390135,100
4.8343674649613,100
5.7029962485996,100
5.1838951294704,100
4.7398459587648,100
6.8981998430961,100
5.7038204089965,100
4.8569346485207,100
5.1041506715995,100

COCOMO Preliminary results chaotic SINU, chaotic inertial = 0.7:
6.4744029983654,10
26.310044792319,10
81.082272667735,10
23.328231931614,10
50.057345848632,10
17.391028584442,10
20.611627891961,10
74.828216896479,10
26.929212263512,10
59.550096902244,10
73.632203590764,10
10.146441281687,10
61.844109692522,10
22.015930708621,10
39.21493002704,10
21.743693436648,10
21.762142382752,10
64.520524566571,10
49.707600670113,10
72.543986563899,10
31.924963493493,10
50.124461860908,10
55.147501033275,10
27.265616496299,10
46.605913791282,10
22.559188136419,10
38.769321974751,10
52.481834013284,10
12.951944257939,10
31.900557014212,10
9.2470533348698,20
6.1458258880245,20
10.925812770409,20
26.462489152989,20
107.53792341488,20
12.783463687508,20
7.1425536829836,20
10.878513855688,20
4.5770609217983,20
4.6897380047843,20
53.439899655402,20
40.853995333709,20
37.884765002396,20
10.529079167775,20
5.3733468631263,20
5.5105839997169,20
42.315594060174,20
16.766450941542,20
19.7886469741,20
9.4022960369128,20
5.3522893337962,20
4.7797366668898,20
5.6341431463298,20
24.556909018799,20
4.4793418057289,20
19.031771628238,20
8.9326546198957,20
5.8689980935842,20
6.4673805139055,20
10.532921460814,20
7.123608048768,30
4.2216655820602,30
11.42993480143,30
5.8589091310353,30
4.2723480516999,30
24.285235666503,30
4.6711205085103,30
4.2611128534972,30
7.2581178779873,30
5.9323057206527,30
4.5184315693902,30
4.6638458239285,30
7.4369601260926,30
10.290835778162,30
4.1697002010395,30
6.3568297953035,30
5.3614944505219,30
10.030384697754,30
46.095271498115,30
6.3825495882135,30
4.1067592954809,30
10.658529452664,30
4.0501061347383,30
15.268792841455,30
6.6940613975017,30
4.5106020597551,30
4.2518111741862,30
12.44773847557,30
7.7874106922935,30
5.5503952069229,30
5.8085234268445,40
4.5220417791298,40
4.6419344206281,40
4.2658914036858,40
4.0853514407744,40
13.634229548719,40
5.2574734183746,40
4.4164275879031,40
4.3081382681026,40
5.4073760534471,40
4.1174671089176,40
11.904333454433,40
3.9326290922971,40
4.4032461104792,40
4.3732614883162,40
4.1853096230705,40
6.88943433435,40
4.1061025050312,40
6.6582736627561,40
3.8191686403556,40
8.0278824602513,40
4.7267694630159,40
5.9776468157859,40
22.419753875579,40
9.4830946169765,40
5.0709820442635,40
4.5839072138075,40
25.746239038701,40
4.2635351756531,40
4.3877678273802,40
4.1549382426852,50
4.5269729961721,50
4.2927875300786,50
4.5800068387544,50
30.817363468867,50
4.7342040629517,50
4.5813452814706,50
4.3809372151848,50
4.2826337281176,50
4.2866759076409,50
3.9426174399352,50
4.2723543353706,50
4.2947842383913,50
23.795288234531,50
4.6329911976193,50
16.735463294764,50
6.2181732864528,50
5.3099435710537,50
4.3243738252138,50
6.6674389736458,50
4.510812639697,50
4.8225797086204,50
4.2821002374074,50
4.4160331163375,50
3.7731609430132,50
5.8885515573292,50
4.5168721228294,50
4.1633167270209,50
4.5557532188549,50
4.4841250091372,50
4.3738380782213,60
3.9799500371654,60
4.2714434741774,60
4.1825741904927,60
4.2032176277453,60
4.0457076459684,60
4.542922680232,60
12.231150493693,60
4.0827686969745,60
4.6347511008968,60
9.8474343611328,60
4.570830395778,60
4.4382191347317,60
3.7600540511033,60
3.8137636088714,60
4.7162218328027,60
4.4069087115847,60
4.1745456491632,60
4.1394295166823,60
3.8056398194786,60
4.6130955919007,60
4.3969673133662,60
4.1306165500402,60
4.1106508248539,60
3.9752884226665,60
4.6316157513961,60
4.5399415299458,60
4.4452235582357,60
12.052226555783,60
4.4366449780138,60
4.5209273404623,70
4.2989463227051,70
4.1031577287513,70
3.7605750352359,70
4.3567517723742,70
3.9404826559757,70
5.1550542787859,70
5.1125569346646,70
3.6807685269018,70
4.8559823979882,70
3.8014792029798,70
4.4851274184019,70
3.5130280962385,70
3.8201050673368,70
4.0019211720488,70
4.5421998784908,70
4.2763791655188,70
4.6343171570221,70
4.276384069767,70
4.4697234551406,70
4.4075012352629,70
4.1643581389395,70
4.6554438608295,70
4.4756156267859,70
4.4174153782022,70
5.5984985254755,70
3.9978948670927,70
4.1214856507923,70
4.5015544246344,70
5.7308469023239,70
4.2010676799469,80
4.131189820915,80
4.583646164649,80
4.5840910175032,80
8.3856369630516,80
4.4598512451615,80
4.4501224635835,80
4.2467177025651,80
4.556025178165,80
3.9262979454372,80
5.2959305369354,80
4.3677555448597,80
4.25933671438,80
4.1713693873315,80
3.7986695450074,80
4.4304551426616,80
3.9381992242166,80
6.0180747054151,80
4.1864830572619,80
4.1833364353463,80
4.2132026889797,80
4.5594311478659,80
4.1060499341018,80
4.3520947868308,80
4.3218152871876,80
4.1543919354365,80
3.9504259519475,80
4.1664416103973,80
3.9227252460439,80
4.1157718468224,80
4.4461175358137,90
4.5922308550679,90
4.346773080121,90
3.6457933885503,90
4.1955368128913,90
4.7850337101959,90
3.5813433509722,90
5.2081525371108,90
4.1237254238828,90
4.6426904029547,90
4.8206006988325,90
3.7837456971361,90
4.2399673242546,90
3.9968817179746,90
6.1040430652805,90
3.9798097871952,90
4.4882443852145,90
4.266537110188,90
4.3651976116076,90
4.01148985902,90
4.3890838333547,90
4.0626741203707,90
3.6103144700912,90
4.2025116197051,90
4.2463184418749,90
4.1319560980331,90
4.1293736679454,90
4.233777844823,90
4.412627367804,90
4.3402294648017,90
4.0845563012384,100
4.4525473001982,100
4.0960604473749,100
4.2518472599535,100
4.4726472556655,100
5.2249789073206,100
4.2983944788015,100
4.1913436438281,100
3.9637741323955,100
3.8863761621242,100
3.7672495040501,100
4.4944400480843,100
4.3363783305188,100
4.1589998268495,100
4.3026247366509,100
4.3781007183933,100
4.9456594812182,100
4.6009825043496,100
3.8957520411036,100
3.908683748132,100
4.0014731580065,100
3.830821062069,100
4.4053030557247,100
4.5913700084435,100
4.0442916075204,100
4.2786487035389,100
4.4978269977212,100
4.1714931827745,100
8.8196971726173,100
4.1484881999593,100

COCOMO Seeds Evaluation Experiment p=90, gauss, spbest
===============================
3.9518545522534
4.2231226119923
4.3607000787985
4.1160677414422
3.8780661960761
4.2601651748463
4.2624076152142
4.0843186523562
4.4387938397782
3.9463074695277
4.5316343401764
4.2662967903092
3.9661098153116
3.5042367728663
4.2195005552441
4.0093064606114
3.8742102984309
4.2877846712169
4.4011840751082
4.1399233019453
4.0911228454162
3.6167065190975
4.3851000447408
3.6874430108598
4.8582344454432
4.4944320397753
4.8059273361276
4.0664869704023
4.3274033321819
4.3545461245966

COCOMO Seeds Evaluation Experiment p=90, gauss, pbest
===============================
4.614170725315
4.6608081767364
4.3620505482717
4.2343989185655
4.8119635960061
4.3982187229422
4.2666487946911
4.0373100323027
3.9941810647672
4.5438492369864
3.6180651505294
4.317789111356
3.8868395430948
4.6361751357379
4.6112584073295
4.2494193206027
3.9709426225813
3.5024335637063
4.2674702049849
4.5108279875637
4.3722401254908
4.1103658151163
4.0094815352147
4.019337451843
4.4190916231009
4.0957316215403
4.3770050585957
4.4209652633994
3.8824671250578
4.1149828116442

COCOMO Seeds convergence p=90, step = 4
======================
1,9,4.44
5,14,4.44
9,18,4.44
13,20,4.36
17,21,4.36
21,25,4.44
25,30,4.59
29,34,4.44
33,40,4.38
37,42,4.34
41,45,4.59
45,52,4.34
49,53,4.59
53,55,4.59
57,58,4.34
61,63,4.34

COCOMO100 Seeds step = 4 p=90
======================

3.5725700277115
4.2939484751802
4.5209654676357
4.6693899577656
3.7094508902252
4.1087331618411
4.0685646705972
4.1923026713641
3.9634202205652
4.3510805832487
4.3623484607187
4.4199462386089
4.2865853802681
3.9617475798222
4.2022586823412
4.5390390296048
3.5695460252707
3.7281252610703
4.5797239484377
4.1346558070757
3.9729012819672
4.4814475644821
3.9941676113346
4.1659853064406
4.2177601319542
4.1278707561169
4.2863767863712
3.6751580389743
4.1994403880671
4.288696339863

COCOMO100 Seeds step = 4 p=100
======================
4.4609758397144
4.0525581374613
4.2744740825272
3.752634445664
4.3289629865953
3.6620246337424
4.7773426089064
4.4760156744962
4.1324729489435
4.0310725661385
4.1167823731165
4.6447037903674
4.0185455826808
4.7215341311144
4.2043330025993
4.0567712221481
4.3355068052629
4.3842654109934
4.4384216710946
3.9110186109782
4.0724184596734
3.8542910085651
4.8203802138294
3.7711334920838
3.8520505005252
4.2982331097942
4.0147989538757
4.1207266871808
3.9749075593963
4.263135733823

UCP Seeds Evaluation p=100, r1=singer, r2=sine, inertia=ldw, chaoticmap=intialpop=spso, spbest, gbest
1009.5025378873
1010.1164622535
1009.8244727465
1009.4613732394
1010.1892120423
1009.6981743662
1009.5953219718
1009.8108649296
1009.2272316901
1009.3633577465
1009.4468435211
1010.2088766197
1009.5472960563
1012.9655461268
1009.6273635211
1011.7435195775
1009.5347733803
1009.8554822535
1009.3686335211
1009.325111831
1009.4331859155
1009.6944440845
1009.6419635211
1009.6906438028
1009.6327595775
1009.589235493
1009.6396183099
1009.5408505634
1009.5380053521
1009.9785573239

COCOMO Seeds evaluation p=100, r1=singer, r2=sine, inertia=chaotic, chaoticmap=singer intialpop=spso, pbest, gbest
226.54102101648
188.69645058424
102.94921337038
148.97818687737
376.23867411362
301.05751135807
249.72951845109
198.5067847783
312.31613995464
381.72901725254
133.64669455254
304.84245328788
242.37181020306
179.11492762903
239.29988453136
161.23205355091
496.74475669935
272.72932677211
457.63627321835
221.53638440912
244.44576255747
271.35903165097
196.27362990222
218.22116080742
130.83547114253
123.27680647571
143.9989685436
183.18242161804
257.15504410461
293.42979835311

Agile Seeds Evaluation r1=chebyshev, r2=spso, inertia=rankBased, chaoticmap=cosine intialpop=uniform, spbest, gbest
14.887405534694
14.851149429301
14.369904058584
14.368313932759
14.098804893838
14.399702960303
14.429391906836
14.268366396409
14.159300261863
14.347671872739
14.306042848101
13.995843962904
14.456876006385
14.799207964306
14.822417813079
14.545743978092
14.645165909824
13.999301205838
14.221739602628
14.239437900829
13.83154333005
13.821045367142
14.297147399603
14.507520285866
14.381338273109
14.575858815616
13.909554558095
14.429361448048
14.193302769429
14.147578194863

COCOMO Seeds Convergence p=100, r1=singer, r2=sine, inertia=chaotic, chaoticmap=singer intialpop=spso, pbest, gbest
1,3,226.59
5,6,226.59
9,9,226.59
13,12,226.59
17,15,226.59
21,18,226.59
25,21,226.59
29,24,226.59
33,27,226.59
37,30,226.59
41,33,226.59
45,36,226.59
49,39,226.59
53,42,226.59
57,45,226.59
61,48,226.59

UCP seeds evaluation = p=200
1008.8332015493
1008.7825114085
1009.0062504225
1008.8546467606
1008.8327933803
1009.0534147887
1010.3589316901
1008.8287466197
1008.8945435211
1008.7886359155
1009.0139391549
1008.8088840845
1008.7837378873
1008.738028169
1008.9679556338
1008.9607276056
1008.9070912676
1012.0993173239
1008.7562314085
1009.1625309859
1008.8805866197
1008.96583
1008.7722816901
1008.8955373239
1008.8822953521
1008.9377229577
1008.6697105634
1009.2006239437
1008.8547647887
1008.9533338028

Agile seed evaluation p=280
13.468881742768
13.477275069096
13.467163171127
13.476880106828
13.497213937233
13.479582083727
13.489258655361
13.500528633707
13.468948533698
13.463457008066
13.517319569289
13.474595426421
13.479530322895
13.518096018918
13.464575978364
13.474344950243
13.478606258786
13.489274168811
13.508487456557
13.504619845601
13.498659377348
13.580314155653
13.474160981704
13.528148507761
13.543529703154
13.532087203921
13.492035995921
13.477077200059
13.482110623753
13.51327481261

UCP seed convergence p=100, ucpso+spbest
20,1015.7799261784
60,1010.3312652606
100,1009.2913257793
140,1009.1911236714

MUCPSO UCP Seed evaluation p=100
1009.294005493
1009.0588471831
1009.7258588732
1009.3213540845
1009.5170659155
1009.3404530986
1009.823296338
1009.1616298592
1015.3527397183
1009.172045493
1009.1321961972
1009.2297233803
1009.3375861972
1009.3449405634
1009.2468752113
1009.7203302817
1009.1567442254
1009.0629709859
1009.2323043662
1009.4657935211
1010.6610452113
1009.4122661972
1008.9992107042
1009.1046873239
1009.3132939437
1009.1735260563
1009.1145333803
1011.6122787324
1009.0291453521
1009.3855438028

MUCPSO UCP Seed evaluation p=100, ucpso+spbest
1009.1835838028
1009.0194778873
1009.2763122535
1009.1508847887
1009.9976302817
1009.1404785915
1009.7048278873
1009.6053688732
1009.4638592958
1009.1350107042
1009.1146530986
1009.6345423944
1009.6244608451
1009.2987687324
1009.3285521127
1010.9249726761
1009.0723260563
1009.0954091549
1009.3854830986
1009.6738011268
1009.42429
1009.0470625352
1009.3847109859
1009.152621831
1009.1512895775
1009.0406012676
1009.5996188732
1009.4336467606
1009.1196398592
1009.109688169

Cocomo seed evaluation p=100
33.049146285497
48.176376350008
36.110895128696
33.256949818228
46.714535117461
29.795238671931
44.88144917196
82.042078821463
73.014831061993
45.382245865387
63.640972997603
69.209462624547
52.077399810813
156.95293617256
26.321358834939
48.998831917706
45.530734694282
26.223468756789
43.568569375226
40.717586659137
34.969640629249
40.818090672176
32.816421008153
54.479936723004
25.610242295723
22.238044563889
19.006957816485
42.102110047686
68.360102314188
44.011756476162

MUCPSO COCOMO Sachan convergence Seed
20,195.2067573252
60,88.377706930598
100,72.562003381107
140,49.824210492735
180,40.64892455275
220,34.214864844971
260,29.528366756726
300,25.498778667071
340,24.120682819336
380,20.435027812512
420,19.88695409014
460,17.464927883989
500,16.171844793957
540,15.204368398047
580,14.183637662615
620,13.451924664306
660,12.977959135213
700,12.113747698952
740,11.390442940362
780,10.846540658882
820,10.185446970164
860,9.6270533532063
900,9.307874852242
940,8.8886402725034
980,8.3236621216414
1020,8.0477362896097
1060,7.7106419949238
1100,7.4623707834126
1140,7.011246003148
1180,6.4615778249722
1220,6.0027192278904
1260,5.8553127092875
1300,5.754474574384
1340,5.564894653518
1380,5.4698208207733
1420,5.3304283518954
1460,5.2559609498436
1500,5.2098734823427


MUCPSO Agile seed evaluation p=100
13.536481917813
13.681076180965
13.526718386282
13.512942430997
13.632131078986
13.56012699886
13.526403495623
13.547212135154
13.618879141974
13.514228813391
13.492386470996
13.576806063936
13.537650307453
13.539533905008
13.575954498889
13.54160827592
13.573035991636
13.505451986276
13.580734247199
13.60248562667
13.510681179472
13.64146890012
13.582402923332
13.519415310218
13.499512722775
13.545438594945
13.53558315017
13.600764789363
13.573126303377
13.519082888857

MUCPSO Agile seed evaluation p=100 ucpso+spbest
13.532988633584
13.482435591189
13.52048036115
13.533315070259
13.632903583517
13.564925439357
13.683052223004
13.490067902741
13.513674466131
13.529559927372
13.625525572755
13.516511508547
13.518714222662
13.507966580013
13.487789382998
13.671862623773
13.583675574498
13.641447423271
13.606264006394
13.527426394209
13.534090617549
13.56137524184
13.589053863134
13.631508681775
13.53957467707
13.649105735644
13.603960219375
13.554428449915
13.639883612568
13.50750636703

MUCPSO Agile seed evaluation p=100 r1=r2=chebyshev, inertia=rankbased, chaoticmap=chebyshev, initialpop=uniform, pbest
13.519297906312
13.556593819006
13.500243675439
13.543795077836
13.535831019548
13.495419533833
13.526548688359
13.575512854165
13.50224799475
13.576659485404
13.506363747129
13.535208330697
13.523498837151
13.507167512158
13.506351305996
13.493121785434
13.530592371698
13.545916591667
13.57406872829
13.496027403777
13.472410098327
13.512386489377
13.495266666277
13.491083535353
13.516952898001
13.485514455967
13.536558017423
13.507838470122
13.47894569823
13.494280405148

MUCPSO Cocomo seed convergence spso+spbest
20,197.28941800287
60,70.994745535379
100,47.54345685595
140,33.327625799401
180,27.931254048249
220,20.386619657747
260,18.811830433995
300,17.871044433399
340,15.134014962975
380,12.704318007435
420,12.557554783762
460,11.898643410667
500,10.83580339318
540,9.8830860800103
580,8.5169357870207
620,8.5471405278559
660,7.6198006812954
700,8.1339214878435
740,6.7800743398423
780,6.4913287240653
820,6.9938364146631
860,6.2808367177534
900,6.3085826342666
940,5.5094442915602
980,4.8122909197575

MUCPSO Agile seed convergence r1=r2=chebyshev, inertia=rankbased, chaoticmap=chebyshev, initialpop=uniform, pbest
20,13.691618416508
60,13.532388087653

MUCPSO Cocomo seed evaluation p=100 spso+spbest
36.099538863631
71.137783750946
37.811773335801
55.265857320708
57.577536885632
39.794691186215
35.563696184165
48.857599511167
43.646165089913
44.879001467895
28.753635985204
70.201914444222
28.934417682071
49.382343814932
79.019141256646
53.110419597026
38.004552870823
61.204983257463
35.963619048428
36.177612500225
101.60090940793
69.021187836625
117.46192502809
36.543395333819
34.186515778066
40.266307454204
34.134305845268
40.694412553244
28.529793837828
27.651941296344

results/mucpso.txt,cocomo,seedsEvaluation. UCPSO+spbest
34.546920558235,427
37.339556490144,387
37.870320824178,415
35.827419063965,498
33.705350845973,479
35.622183934615,490
31.428116951891,454
36.938206822349,399
25.582265966326,420
36.655764099659,426
27.697324538035,418
35.520295417992,419
35.097320798196,418
34.956575213934,427
36.161024800453,415
37.732542636858,385
33.543032906554,413
34.980887762071,409
38.484643505631,374
31.548940923371,357
36.26826711702,328
32.48279661028,324
33.238344509953,300
40.317884995563,332
29.501213357528,325
34.720679840003,344
30.015217676777,327
35.723545299636,335
36.29743023894,328
33.123283713819,319
"Average: ",34.430911913998

results/mucpso.txt,agile,seedsEvaluation. r1=r2=cheby, inertia=rankbased, chaotic=cheby, initial=uniform, pbestt
13.472358931206,129
13.473255724628,131
13.477284556334,122
13.465942350307,128
13.483314300151,124
13.47873716828,127
13.492799691435,131
13.474831989518,137
13.47694349334,130
13.477198033529,111
13.466533586879,159
13.477569556933,166
13.470722699008,124
13.483255916531,133
13.474804833506,130
13.481947279777,160
13.481370343852,153
13.480700484087,156
13.477437192997,154
13.462932275814,155
13.475357470811,157
13.48779062139,156
13.467584016998,159
13.475486038151,210
13.463460209451,165
13.473982092201,201
13.48040224366,162
13.474930590106,167
13.463933573102,156
13.46068649481,167
"Average: ",13.475118458626

results/mucpso.txt,ucp,seedsEvaluation
1009.5769443662,302
1009.7559509859,296
1009.4255167606,309
1009.8719219718,292
1009.6074259155,314
1010.2406622535,305
1010.1833907042,310
1010.0808873239,300
1010.0716842254,289
1009.7455470423,289
1009.4757384507,299
1010.0290711268,294
1010.0500966197,330
1009.27052,308
1009.3542159155,313
1010.1160816901,286
1009.7830957746,283
1009.7845053521,291
1009.1353076056,302
1010.284826338,294
1009.6126923944,294
1010.1345904225,294
1009.5348533803,272
1009.8038735211,238
1010.2544147887,256
1009.7383849296,245
1010.2036130986,252
1009.4551490141,245
1009.5503604225,241
1010.1855549296,241
"Average: ",1009.8105625775
