22.302700735207,10
32.186938539815,10
25.131124867845,10
24.867110508387,10
12.93343435696,10
39.772947875454,10
20.077456511081,10
14.630285917538,10
22.050481756495,10
13.359544402762,10
19.052851068512,10
34.137211551967,10
20.290558418896,10
22.704988334384,10
31.583901462509,10
38.711631590726,10
21.745640157533,10
26.546626674711,10
31.156076741252,10
43.578497218069,10
47.282402261706,10
20.681209790132,10
48.816636161612,10
31.161707276875,10
15.359114838694,10
27.953175058285,10
58.611981937646,10
42.167595238998,10
35.576727717417,10
14.43269953552,10
14.411219095664,20
18.801661308855,20
10.636339390096,20
10.120235098147,20
14.538752942822,20
15.361576089945,20
7.7562459243593,20
18.285836126458,20
13.082293175663,20
12.12260319083,20
9.430708147722,20
10.752822374693,20
12.911663487652,20
22.144875559113,20
11.911207360509,20
10.902432476921,20
18.586784331629,20
8.4143344484228,20
10.183730804561,20
21.088503590291,20
16.246133158972,20
17.824273485889,20
11.84914604754,20
7.5049529710578,20
12.144630952515,20
10.8365428294,20
29.817043124767,20
8.5651015471715,20
10.549637420962,20
14.569688673974,20
6.5314769158128,30
11.000472589745,30
7.3780212522839,30
11.310696303327,30
10.749902315709,30
10.32805038683,30
6.6272933757625,30
10.490495461783,30
10.802125274921,30
8.7024037298128,30
6.7504879903603,30
6.3985706281628,30
10.46094686305,30
10.948878621265,30
11.391688771363,30
8.9951227123266,30
6.4305562816316,30
7.3333026484527,30
10.722132164921,30
9.455427717365,30
7.0867721527831,30
8.1387460924743,30
10.206313985662,30
7.7605050884731,30
8.6653036394296,30
7.5992679484033,30
8.3805681210125,30
8.4094086000008,30
10.269565856432,30
12.184403779047,30
8.1882789279345,40
9.7016945375894,40
8.049712949538,40
6.1549689993339,40
7.4092785436643,40
8.8258600979873,40
6.2317551031184,40
6.1124572232662,40
6.616039848105,40
6.8081249043184,40
5.9450166609743,40
8.8271813647541,40
5.6717828950669,40
9.7594535025411,40
6.3876363001509,40
8.5606191553148,40
21.262282282186,40
5.9080840714798,40
5.5256589164302,40
6.5441325467612,40
6.010292351226,40
6.044429234225,40
6.7949168977734,40
5.6047951816041,40
6.6860308702283,40
8.2515793924312,40
7.3701237550997,40
7.4252119895929,40
6.2258709510609,40
6.9330656634865,40
6.1194985996235,50
5.6953026815373,50
6.9687689215983,50
6.7595116596002,50
6.2812074010544,50
5.7498169239314,50
7.7691191222335,50
6.1490340877498,50
5.719920619508,50
6.2564289951914,50
5.8254304339596,50
8.9277932629494,50
5.7145456886709,50
4.9726424321533,50
6.4369877848051,50
5.5110037599301,50
7.9758659021582,50
8.6767102602686,50
4.8690164532136,50
5.6652402239581,50
5.6094596478996,50
6.4601224290892,50
6.6919652610033,50
5.6206072026908,50
7.243340291956,50
5.0085691929389,50
6.644353975351,50
6.4944975569051,50
5.8626929152894,50
5.96944344989,50
4.6552450699235,60
5.0255462270494,60
8.6880382666862,60
7.1306230378276,60
5.4036780805678,60
5.2285306956928,60
4.5148489464133,60
5.9039073229764,60
6.0368494552703,60
5.4913275312269,60
6.2882224967444,60
4.9268939921055,60
7.6565446866474,60
6.2410179348905,60
7.2641417070254,60
7.1882975403587,60
5.1236655350858,60
5.1464956590668,60
5.696489243567,60
6.031920292637,60
5.7939448129085,60
4.2251587525771,60
6.5231669750142,60
6.3349967271529,60
7.6308808048271,60
6.8623085076576,60
4.7317747552136,60
6.4799253931999,60
8.664563647639,60
5.2641404888127,60
5.0568546581077,70
4.1731830779819,70
5.5074127934055,70
4.498796583465,70
6.0964191903503,70
4.8471623704248,70
6.5596145992116,70
5.3253965253209,70
5.9128800043774,70
4.8905293739953,70
5.2580236910731,70
5.422407976699,70
5.5457683833058,70
4.5761208222762,70
5.3561593485935,70
7.5375177929237,70
5.2633100043811,70
5.095466655534,70
6.2049345572887,70
6.0353918556066,70
5.3880193788594,70
6.5657939281074,70
9.0750164759465,70
4.5106134653929,70
6.0130703550566,70
5.2417772952695,70
5.6387610170537,70
5.0269309047411,70
4.3877205152798,70
4.4504150931387,80
4.4246629510161,80
6.2449300858132,80
5.0445545314469,80
6.0938755862119,80
4.9689073170156,80
5.6416737863254,80
4.5896953572702,80
4.3106603365756,80
4.858102038433,80
5.6543639841878,80
6.0160110529854,80
5.2683554991525,80
5.3153753432163,80
6.6362374619168,80
7.2989746802151,80
4.5420118358438,80
5.8463204273689,80
4.8222967713248,80
5.6613357640818,80
6.3359837376034,80
5.8254741390934,80
5.5793321143714,80
5.4223531368329,80
4.993913837611,80
4.3577793009843,80
4.7415604537439,80
4.9042056043712,80
4.7235400180199,80
4.3512285554404,80
6.1220598978714,90
5.120925618129,90
4.991273114026,90
4.4396173609616,90
4.6189905615481,90
4.7453611885984,90
4.5753001525868,90
5.7836438345593,90
8.3139037901972,90
4.7799683325315,90
5.5522951466754,90
5.1578075450073,90
5.0043167492623,90
5.594743817926,90
5.0548980609781,90
6.9893109059914,90
8.5073511000132,90
5.4153355083302,90
4.9810808411214,90
5.9993612038245,90
5.4713389093116,90
6.0913348532938,90
5.6099435737566,90
5.1546411962147,90
5.1969647673964,90
4.6404062661882,90
5.0047445906768,90
4.9532022444714,90
5.8142217461423,90
4.2222346008291,90
5.321147489179,100
5.5851880264537,100
4.3608980447153,100
4.396476095865,100
5.1209315882613,100
5.1139736624528,100
5.6619454532173,100
5.4837032030345,100
5.5554585776565,100
4.8291511074337,100
4.3707849236467,100
5.9390319103609,100
5.5555936827242,100
5.0429527068962,100
5.859211423283,100
4.7540692868421,100
4.803510285589,100
5.1011837354519,100
4.8929862482336,100
3.8500075769455,100
4.5936206503247,100
6.1583678123305,100
5.5756166232749,100
3.7122814490703,100
4.2882293282752,100
4.8974778237099,100
6.3884989967835,100
5.8056725623537,100
5.0912604480108,100
5.0859038842082,100

COCOMO Seeds Evaluation p=100
===============================
4.5068558044432
5.2249584800651
5.65414384401
7.119384036301
4.3951284184716
5.6034494756966
5.5388656912318
4.8647464762522
5.0532281154542
7.2709090403474
5.4634301231317
4.6841663316162
5.8832583426953
6.0855817773519
4.7417229621416
6.3652568661874
4.458117690432
5.0591811511878
5.7700491243791
4.5231447156139
5.2121245946974
5.0761713289143
6.1062651695637
6.4853747894437
4.2251496461193
4.7488822220036
4.9511283015306
6.8963343330189
5.8406510771882
5.3453799028724

COCOMO Seeds convergence p=100, step = 6
======================
1,9,4.45
7,14,4.08
13,17,4.45
19,20,4.29
25,25,4.29
31,29,4.29
37,31,4.29
43,35,4.29
49,38,4.29
55,43,4.29
61,47,4.29

UCP Seeds evaluation p=100
=========
1009.8326026761
1011.9454684507
1010.4673109859
1009.66134
1009.7743852113
1011.1609897183
1010.843971831
1010.8609591549
1009.9314376056
1009.3627730986
1009.9383435211
1009.7373229577
1011.4963330986
1010.345203662
1009.5957274648
1010.1973371831
1009.8134726761
1011.8895278873
1009.9445453521
1009.9510002817
1009.8744846479
1010.086143662
1009.2606590141
1010.1203652113
1009.7465584507
1009.9732562676
1009.7270690141
1009.9797430986
1009.6525467606
1009.4949422535

COCOMO Seeds evaluation
280.98507990772
233.36623432024
283.52395482396
228.73518567543
321.0865295963
246.41155386205
276.89993129731
224.27348213146
262.18532809626
287.2105179353
231.83779210495
281.37413635863
180.1271112514
235.15479402082
252.25119047706
314.94332805844
264.78418903507
217.60917639654
312.92214033507
275.76310059024
225.56645697706
203.52643021046
197.32999950763
250.21754874538
213.85775718747
239.45792757145
147.7463537468
298.75842337184
250.55513522652
209.30393043273

Agile seed evaluation
14.441254600422
14.439658434794
14.376952658038
13.888080451462
14.711109003108
14.564685953884
14.485426980978
14.397048946293
14.409501409267
14.128801196333
14.763034495693
14.453265814072
14.179971307112
14.246240963361
14.706431781219
14.248321366896
14.057326803821
14.311715815098
14.367730667245
14.771813682005
13.981084173829
14.752574759589
14.098099017163
14.273013747603
14.398937037702
14.503067123304
14.661916167926
14.409129042052
14.257954502371
14.852358935885

UCPSO UCP Seed evaluation p=100
1009.0048549296
1009.8409182394
1009.0203112676
1009.0974129577
1009.1970821127
1009.408386338
1009.2755226761
1009.0646412676
1009.3410352113
1009.5426796479
1012.6652128169
1009.3175294366
1008.7745401408
1009.5494190141
1009.123546338
1009.5113121127
1009.6803612676
1009.3567883099
1009.3726760563
1009.6034915493
1009.3348573239
1009.7810837324
1009.4087656338
1009.0871490141
1011.1361906338
1009.5979028169
1008.771936338
1009.1580169014
1009.9463670423
1009.2473532394

UCPSO Agile seed evaluation p=100
13.538079708184
13.481414183192
13.536282136214
13.550762969103
13.515370079262
13.582176466215
13.516588936116
13.648131635322
13.51496670347
13.476356252988
13.709375652461
13.473792990227
13.598575166169
13.527182697587
13.537996728799
13.502225766379
13.494896490676
13.624377476502
13.515343339813
13.530984390551
13.509999613997
13.464956946678
13.517191311751
13.514488194975
13.494326020978
13.498347392318
13.512206265504
13.495599145145
13.535999308328
13.585517441977

Cocomo seed evaluation p=100
50.23541488739
57.02032332502
59.460831325547
54.823568674735
55.769553539395
60.533631103737
69.783563907249
108.75406140621
107.00587293056
46.299676450277
74.05942703315
52.345841005409
70.037444488963
48.502193067681
54.125038103938
54.723410043711
74.284972939514
58.873140145675
59.094587616095
48.10800414315
41.299533754561
70.440342022702
65.138531882102
86.619257228064
48.756863592968
63.38643948941
90.014859245795
47.082651270267
44.743826434869
57.184903951088

results/ucpso.txt,cocomo,seedsEvaluation
39.694633095325,528
44.341751762575,486
46.040362690718,489
34.674420462274,455
47.338851113517,461
42.527110766714,435
37.783429038666,427
33.088088918912,384
49.396328170408,404
39.423146591658,348
44.727920067873,380
40.551104254995,431
43.314951614006,465
40.804018618733,443
43.798302508407,466
48.466488235247,417
44.99824398878,378
38.307170120657,394
46.46122050756,401
34.411911614694,387
36.646256922895,411
32.045388475293,394
46.168171361003,390
36.576580533712,392
44.791118018562,379
39.042187507812,375
28.558928467306,397
45.681419394933,359
43.499745474621,351
33.50264833998,338
"Average: ",40.888729954595

results/ucpso.txt,agile,seedsEvaluation
13.495931529456,170
13.503803952674,167
13.495710693709,170
13.484944018912,170
13.47734798727,179
13.488547119531,194
13.484961463024,197
13.496648730427,182
13.477316711992,178
13.48190616947,189
13.537403163689,186
13.491614480085,173
13.476377519365,171
13.479575192484,171
13.473818254657,168
13.492931424051,164
13.492566324077,165
13.477307333013,164
13.462616172466,171
13.476620335847,165
13.479511897337,165
13.484784737297,175
13.499222877167,169
13.490453141068,183
13.508512251104,186
13.487311986323,185
13.475900818543,188
13.478083473823,238
13.493202381969,28738
13.496284330359,190
"Average: ",13.48804054904

results/ucpso.txt,ucp,seedsEvaluation
1009.9748923944,228
1009.7665977465,243
1009.8269721127,248
1009.460195493,241
1009.7009053521,225
1009.9974442254,218
1009.8323661972,271
1009.9834412676,283
1010.0024876056,296
1009.9557039437,293
1010.0160285915,294
1009.9113801408,292
1010.099928169,292
1010.1627656338,307
1009.6321160563,283
1009.9708252113,280
1009.8514035211,282
1010.0862004225,292
1010.0759580282,284
1010.0649150704,312
1009.8174629577,303
1009.9099233803,290
1009.5561173239,286
1010.0681361972,273
1009.8803030986,284
1010.0917069014,294
1009.928071831,282
1010.1018766197,283
1009.8635209859,285
1009.5334922535,268
"Average: ",1009.9041046244
